--- TYPE OVERLAP MATRIX: ---
--,	Human,	Spirit,	Zombie,	Elf,	Beast,	Goblin,	Vampire,	Dragon,	Bird,	Horror,	Cat,	Merfolk,	Angel,	Insect,	Giant,	Eldrazi,	Dinosaur,	Snake,	Werewolf,	Lizard,	Dog,	Ogre,	Dwarf,	Sliver,	Wurm,	Minotaur,	Drake,	Treefolk,	Orc,	Rat,	Spider,	Kor,	Elephant,	Wolf,	Faerie,	Sphinx,	Centaur,	Vedalken,	Frog,	Hydra,	Kithkin,	Djinn,	Devil,	God,	Rhino,	Troll,	Ninja,	Boar,	Dryad,	Fish,	Horse,	Peasant,	Bat,	Fox,	Myr,	Imp,	Bear,	Octopus,	Turtle,	Squirrel,	Wizard,	Warrior,	Soldier,	Cleric,	Rogue,	Shaman,	Knight,	Druid,	Scout,	Artificer,	Pirate,	Warlock,	Wall,	Monk,	Assassin,	Berserker,	Advisor,	Archer,	Detective,	Mercenary,	Samurai,	Citizen,	Ranger,	Rebel,	Spellshaper,	Barbarian,	Pilot,	Elemental,	Phyrexian,	Demon,	Noble,	Shapeshifter,	Avatar,	Illusion,	Ally,	Nightmare,	Plant,	Mutant,	Fungus,	Robot,	Minion,	Lord
Human,	-1,	2,	-1,	13,	2,	0,	0,	0,	0,	7,	0,	0,	0,	3,	0,	0,	0,	0,	67,	0,	0,	0,	0,	0,	0,	0,	0,	0,	0,	0,	0,	0,	0,	0,	5,	0,	0,	0,	0,	0,	0,	0,	0,	2,	0,	0,	23,	0,	0,	0,	0,	31,	0,	0,	0,	0,	2,	0,	0,	0,	564,	313,	552,	347,	203,	143,	296,	109,	86,	137,	91,	70,	0,	82,	82,	42,	-1,	42,	30,	32,	50,	26,	0,	40,	37,	29,	15,	0,	28,	0,	43,	2,	0,	0,	35,	0,	0,	10,	0,	0,	17,	0
Spirit,	2,	678,	0,	2,	2,	0,	3,	28,	13,	4,	7,	0,	7,	0,	2,	0,	0,	0,	0,	0,	2,	3,	0,	0,	0,	0,	0,	3,	0,	0,	0,	4,	0,	6,	0,	0,	2,	0,	2,	0,	0,	0,	0,	0,	0,	0,	0,	0,	0,	0,	2,	0,	0,	0,	0,	0,	4,	0,	0,	0,	4,	8,	20,	18,	2,	0,	9,	0,	0,	0,	4,	2,	0,	0,	0,	0,	4,	0,	4,	0,	0,	0,	0,	0,	0,	0,	0,	14,	0,	13,	2,	0,	10,	0,	0,	0,	0,	0,	0,	0,	2,	0
Zombie,	-1,	0,	618,	9,	12,	6,	0,	4,	10,	26,	8,	2,	0,	0,	16,	0,	2,	9,	0,	2,	4,	5,	0,	0,	4,	8,	5,	2,	0,	5,	0,	0,	0,	0,	0,	0,	2,	0,	2,	0,	0,	0,	0,	4,	0,	0,	0,	0,	0,	0,	2,	0,	2,	0,	0,	0,	2,	0,	2,	0,	52,	35,	15,	20,	3,	3,	23,	4,	2,	0,	0,	5,	2,	0,	7,	3,	3,	0,	2,	6,	0,	0,	0,	0,	0,	2,	0,	2,	37,	0,	2,	0,	0,	0,	0,	0,	6,	9,	3,	0,	2,	0
Elf,	13,	2,	9,	616,	0,	0,	0,	0,	0,	0,	0,	0,	0,	0,	0,	0,	0,	3,	0,	2,	0,	0,	0,	0,	0,	0,	0,	0,	0,	0,	0,	0,	0,	0,	0,	0,	0,	0,	0,	0,	0,	0,	0,	0,	0,	0,	0,	0,	0,	0,	0,	0,	0,	2,	0,	0,	0,	0,	0,	0,	24,	108,	8,	18,	21,	68,	15,	127,	51,	10,	0,	5,	0,	3,	7,	7,	4,	31,	7,	0,	0,	3,	16,	0,	3,	0,	2,	0,	17,	0,	22,	0,	0,	0,	14,	0,	0,	5,	0,	0,	0,	0
Beast,	2,	2,	12,	0,	520,	0,	0,	0,	5,	5,	23,	0,	0,	2,	0,	3,	12,	0,	0,	2,	0,	0,	0,	0,	0,	0,	2,	0,	0,	0,	0,	0,	0,	0,	0,	0,	0,	0,	10,	2,	0,	0,	0,	0,	4,	0,	0,	12,	0,	3,	0,	0,	0,	0,	0,	0,	0,	0,	0,	0,	0,	2,	0,	0,	0,	0,	0,	0,	0,	0,	0,	0,	0,	0,	0,	0,	0,	0,	0,	0,	0,	0,	0,	0,	0,	0,	0,	15,	27,	2,	4,	0,	0,	0,	0,	12,	2,	5,	5,	0,	0,	0
Goblin,	0,	0,	6,	0,	0,	498,	0,	0,	0,	0,	0,	0,	0,	0,	0,	0,	0,	0,	0,	0,	0,	0,	0,	0,	0,	0,	0,	0,	0,	0,	0,	0,	0,	0,	0,	0,	0,	0,	0,	0,	0,	0,	0,	0,	0,	0,	0,	0,	0,	0,	0,	0,	0,	0,	0,	0,	0,	0,	0,	0,	17,	116,	11,	0,	45,	60,	5,	2,	10,	24,	16,	2,	0,	0,	3,	16,	2,	2,	0,	3,	3,	2,	0,	0,	2,	0,	3,	0,	7,	0,	2,	0,	0,	0,	7,	0,	0,	8,	0,	0,	0,	-1
Vampire,	0,	3,	0,	0,	0,	0,	431,	2,	0,	4,	0,	0,	2,	0,	0,	0,	0,	0,	0,	0,	0,	0,	0,	0,	0,	0,	-1,	0,	-1,	0,	0,	0,	0,	0,	0,	0,	0,	-1,	0,	0,	0,	0,	0,	0,	0,	0,	0,	0,	0,	0,	0,	0,	0,	0,	0,	0,	0,	0,	0,	0,	17,	26,	32,	34,	37,	16,	35,	0,	3,	0,	0,	10,	0,	0,	15,	8,	0,	2,	3,	0,	0,	0,	0,	0,	0,	-1,	0,	0,	5,	4,	26,	0,	0,	0,	10,	0,	0,	0,	0,	0,	0,	0
Dragon,	0,	28,	4,	0,	0,	0,	2,	408,	0,	0,	5,	0,	0,	0,	0,	0,	2,	0,	0,	0,	0,	0,	0,	0,	2,	-1,	0,	0,	0,	0,	0,	0,	0,	0,	0,	0,	0,	0,	-1,	0,	0,	0,	0,	0,	0,	0,	0,	-1,	0,	-1,	0,	-1,	-1,	0,	-1,	-1,	0,	0,	2,	0,	7,	5,	0,	0,	3,	4,	0,	2,	0,	0,	0,	0,	0,	0,	0,	0,	0,	0,	0,	0,	-1,	0,	2,	0,	0,	3,	0,	0,	5,	3,	3,	0,	5,	3,	0,	0,	0,	0,	0,	0,	0,	0
Bird,	0,	13,	10,	0,	5,	0,	0,	0,	407,	5,	2,	0,	0,	0,	0,	0,	0,	0,	0,	0,	0,	0,	0,	0,	0,	0,	0,	0,	0,	0,	0,	0,	0,	0,	0,	0,	0,	0,	0,	0,	0,	0,	0,	0,	0,	0,	0,	0,	0,	0,	0,	0,	0,	0,	0,	0,	2,	0,	0,	0,	36,	17,	57,	16,	5,	4,	4,	0,	14,	0,	0,	2,	0,	2,	0,	0,	5,	0,	0,	0,	0,	4,	0,	2,	0,	0,	0,	4,	8,	2,	4,	0,	0,	0,	-1,	2,	0,	2,	0,	0,	0,	0
Horror,	7,	4,	26,	0,	5,	0,	4,	0,	5,	329,	0,	0,	4,	12,	0,	6,	0,	0,	7,	0,	0,	0,	0,	0,	2,	0,	0,	0,	0,	0,	0,	0,	0,	0,	0,	0,	0,	0,	6,	0,	0,	0,	0,	0,	0,	0,	0,	0,	2,	-1,	0,	0,	0,	0,	0,	0,	-1,	0,	0,	0,	0,	0,	0,	0,	0,	0,	0,	0,	0,	0,	0,	0,	0,	0,	0,	0,	0,	0,	0,	9,	0,	0,	0,	0,	2,	0,	0,	4,	52,	0,	0,	0,	9,	0,	0,	11,	0,	0,	3,	0,	0,	0
Cat,	0,	7,	8,	0,	23,	0,	0,	5,	2,	0,	316,	0,	0,	0,	0,	0,	3,	0,	0,	0,	2,	0,	0,	0,	0,	0,	0,	0,	0,	0,	0,	0,	0,	0,	0,	0,	0,	0,	0,	0,	0,	0,	0,	0,	0,	0,	0,	0,	0,	0,	0,	0,	0,	0,	0,	0,	0,	0,	0,	0,	2,	36,	24,	16,	4,	0,	10,	3,	5,	0,	0,	0,	0,	4,	0,	0,	4,	0,	0,	0,	0,	6,	2,	3,	0,	0,	0,	15,	-1,	-1,	0,	0,	3,	0,	0,	6,	0,	0,	0,	0,	0,	0
Merfolk,	0,	0,	2,	0,	0,	0,	0,	0,	0,	0,	0,	298,	0,	0,	0,	0,	0,	0,	0,	0,	0,	0,	0,	0,	0,	0,	0,	0,	0,	0,	0,	0,	0,	0,	0,	0,	0,	0,	0,	0,	0,	0,	0,	0,	0,	0,	0,	0,	0,	0,	0,	0,	0,	0,	0,	0,	0,	0,	0,	0,	113,	18,	21,	4,	36,	17,	3,	4,	26,	0,	2,	0,	0,	0,	0,	0,	0,	0,	3,	0,	0,	0,	0,	0,	2,	0,	0,	0,	2,	0,	5,	0,	0,	0,	5,	0,	0,	2,	0,	0,	0,	0
Angel,	0,	7,	0,	0,	0,	0,	2,	0,	0,	4,	0,	0,	268,	0,	0,	2,	0,	0,	0,	0,	0,	0,	0,	0,	0,	-1,	0,	0,	0,	-1,	0,	0,	0,	0,	-1,	0,	0,	0,	-1,	0,	0,	0,	0,	0,	0,	0,	0,	0,	0,	0,	0,	0,	0,	0,	0,	0,	0,	0,	0,	0,	2,	10,	6,	10,	0,	0,	3,	0,	0,	0,	0,	0,	0,	0,	0,	-1,	3,	0,	2,	0,	0,	0,	0,	0,	0,	0,	0,	0,	10,	0,	0,	0,	0,	0,	3,	0,	0,	0,	0,	0,	0,	0
Insect,	3,	0,	0,	0,	2,	0,	0,	0,	0,	12,	0,	0,	0,	246,	0,	4,	0,	0,	0,	0,	0,	0,	0,	0,	0,	0,	0,	0,	0,	0,	0,	0,	0,	0,	0,	0,	0,	0,	0,	0,	0,	0,	0,	0,	0,	0,	0,	0,	0,	0,	0,	0,	0,	0,	0,	0,	0,	0,	0,	0,	2,	5,	0,	0,	0,	3,	0,	13,	2,	0,	0,	0,	0,	2,	3,	0,	0,	0,	0,	0,	0,	0,	0,	0,	0,	0,	0,	2,	16,	0,	0,	0,	0,	0,	0,	0,	0,	4,	0,	0,	0,	0
Giant,	0,	2,	16,	0,	0,	0,	0,	0,	0,	0,	0,	0,	0,	0,	225,	0,	0,	0,	0,	0,	0,	0,	0,	0,	0,	0,	0,	0,	0,	0,	0,	0,	0,	0,	0,	0,	0,	0,	0,	0,	0,	0,	0,	0,	0,	0,	0,	0,	0,	0,	0,	0,	0,	0,	0,	0,	0,	0,	0,	0,	13,	42,	20,	2,	4,	9,	3,	3,	2,	0,	0,	0,	0,	0,	0,	6,	0,	0,	0,	0,	0,	0,	0,	0,	0,	0,	0,	3,	3,	0,	2,	0,	0,	0,	0,	0,	0,	0,	0,	0,	0,	0
Eldrazi,	0,	0,	0,	0,	3,	0,	0,	0,	0,	6,	0,	0,	2,	4,	0,	190,	0,	0,	7,	0,	0,	0,	0,	0,	0,	0,	0,	0,	0,	0,	0,	0,	0,	0,	0,	0,	0,	0,	0,	0,	0,	0,	0,	0,	0,	0,	0,	2,	0,	0,	0,	0,	0,	0,	0,	0,	0,	0,	0,	0,	0,	0,	0,	0,	0,	0,	0,	0,	0,	0,	0,	0,	0,	0,	0,	0,	0,	0,	0,	0,	0,	0,	0,	0,	0,	0,	0,	0,	0,	0,	0,	0,	0,	0,	0,	0,	0,	0,	0,	0,	0,	0
Dinosaur,	0,	0,	2,	0,	12,	0,	0,	2,	0,	0,	3,	0,	0,	0,	0,	0,	201,	0,	0,	0,	0,	0,	0,	0,	0,	0,	0,	0,	0,	0,	0,	0,	0,	0,	0,	0,	0,	0,	0,	0,	0,	0,	0,	0,	0,	0,	0,	0,	0,	0,	0,	0,	0,	0,	0,	0,	0,	0,	2,	0,	0,	0,	0,	0,	0,	0,	0,	0,	0,	0,	0,	0,	0,	0,	0,	0,	0,	0,	0,	0,	0,	0,	0,	0,	0,	0,	0,	5,	3,	0,	0,	0,	4,	0,	0,	2,	0,	2,	2,	0,	0,	0
Snake,	0,	0,	9,	3,	0,	0,	0,	0,	0,	0,	0,	0,	0,	0,	0,	0,	0,	175,	0,	0,	0,	0,	0,	0,	0,	0,	0,	0,	0,	0,	0,	0,	0,	0,	0,	0,	0,	0,	0,	4,	0,	0,	0,	0,	0,	0,	5,	0,	0,	0,	0,	0,	0,	0,	0,	0,	0,	0,	0,	0,	15,	16,	0,	6,	4,	15,	0,	11,	2,	0,	0,	2,	0,	3,	0,	0,	0,	5,	0,	0,	2,	0,	2,	0,	0,	0,	0,	2,	3,	0,	0,	0,	0,	0,	0,	0,	0,	0,	0,	0,	0,	0
Werewolf,	67,	0,	0,	0,	0,	0,	0,	0,	0,	7,	0,	0,	0,	0,	0,	7,	0,	0,	151,	0,	0,	0,	0,	0,	0,	0,	0,	0,	0,	0,	0,	0,	0,	0,	0,	0,	0,	0,	0,	0,	0,	0,	0,	0,	0,	0,	0,	0,	0,	0,	0,	0,	0,	0,	0,	0,	0,	0,	-1,	0,	0,	5,	2,	0,	5,	6,	0,	0,	-1,	0,	0,	0,	0,	0,	0,	0,	0,	2,	0,	0,	0,	0,	2,	0,	0,	0,	0,	0,	0,	0,	0,	0,	0,	0,	-1,	0,	0,	0,	0,	0,	0,	-1
Lizard,	0,	0,	2,	2,	2,	0,	0,	0,	0,	0,	0,	0,	0,	0,	0,	0,	0,	0,	0,	170,	0,	0,	0,	0,	0,	0,	0,	0,	0,	-1,	0,	0,	0,	0,	0,	0,	0,	0,	2,	0,	-1,	0,	0,	0,	0,	0,	0,	0,	0,	2,	0,	0,	0,	0,	0,	0,	0,	0,	0,	0,	6,	28,	3,	0,	8,	11,	0,	2,	2,	0,	0,	7,	0,	0,	4,	2,	0,	0,	0,	4,	0,	0,	0,	0,	0,	0,	0,	4,	0,	0,	0,	0,	0,	0,	0,	0,	0,	2,	0,	0,	0,	0
Dog,	0,	2,	4,	0,	0,	0,	0,	0,	0,	0,	2,	0,	0,	0,	0,	0,	0,	0,	0,	0,	142,	0,	0,	0,	0,	0,	0,	0,	0,	0,	0,	0,	0,	0,	0,	0,	0,	0,	0,	0,	0,	0,	0,	0,	0,	0,	0,	0,	0,	0,	0,	0,	0,	0,	0,	0,	0,	0,	0,	0,	0,	5,	7,	0,	0,	2,	0,	0,	5,	0,	0,	0,	0,	0,	0,	0,	0,	3,	0,	-1,	0,	0,	0,	0,	0,	0,	0,	16,	9,	2,	0,	0,	0,	0,	0,	2,	4,	0,	0,	2,	0,	0
Ogre,	0,	3,	5,	0,	0,	0,	0,	0,	0,	0,	0,	0,	0,	0,	0,	0,	0,	0,	0,	0,	0,	-1,	0,	0,	0,	0,	0,	0,	0,	0,	0,	0,	0,	0,	0,	0,	0,	0,	0,	0,	0,	0,	0,	0,	0,	0,	0,	0,	0,	0,	0,	0,	0,	0,	0,	0,	0,	0,	0,	0,	4,	52,	0,	0,	9,	16,	0,	0,	0,	0,	0,	0,	0,	0,	0,	4,	0,	0,	0,	3,	3,	0,	0,	3,	0,	0,	0,	0,	2,	3,	0,	0,	0,	0,	0,	0,	0,	3,	0,	0,	0,	0
Dwarf,	0,	0,	0,	0,	0,	0,	0,	0,	0,	0,	0,	0,	0,	0,	0,	0,	0,	0,	0,	0,	0,	0,	0,	0,	0,	0,	0,	0,	0,	0,	0,	0,	-1,	0,	-1,	0,	0,	0,	0,	0,	0,	0,	0,	0,	0,	0,	0,	0,	0,	0,	0,	0,	0,	0,	0,	0,	0,	0,	0,	0,	5,	14,	13,	11,	2,	5,	6,	0,	2,	16,	0,	0,	0,	0,	0,	8,	2,	0,	0,	0,	0,	0,	0,	0,	0,	3,	6,	0,	0,	0,	0,	0,	0,	0,	0,	0,	0,	0,	0,	0,	0,	0
Sliver,	0,	0,	0,	0,	0,	0,	0,	0,	0,	0,	0,	0,	0,	0,	0,	0,	0,	0,	0,	0,	0,	0,	0,	119,	0,	0,	0,	0,	0,	0,	0,	0,	0,	0,	0,	0,	0,	0,	0,	0,	0,	0,	0,	0,	0,	0,	0,	0,	0,	0,	0,	0,	0,	0,	0,	0,	0,	0,	0,	0,	0,	0,	0,	0,	0,	0,	0,	0,	0,	0,	0,	0,	0,	0,	0,	0,	0,	0,	0,	0,	0,	0,	0,	0,	0,	0,	0,	0,	0,	0,	0,	0,	0,	0,	0,	0,	0,	0,	0,	0,	0,	0
Wurm,	0,	0,	4,	0,	0,	0,	0,	2,	0,	2,	0,	0,	0,	0,	0,	0,	0,	0,	0,	0,	0,	0,	0,	0,	113,	0,	0,	0,	0,	0,	0,	0,	0,	0,	0,	0,	0,	0,	0,	0,	0,	0,	0,	0,	0,	0,	0,	0,	0,	0,	0,	0,	0,	0,	0,	0,	0,	0,	0,	0,	0,	0,	0,	0,	0,	0,	0,	0,	0,	0,	0,	0,	0,	0,	0,	0,	0,	0,	0,	0,	0,	0,	0,	0,	0,	0,	0,	0,	6,	0,	0,	0,	0,	0,	0,	0,	0,	0,	0,	0,	0,	0
Minotaur,	0,	0,	8,	0,	0,	0,	0,	-1,	0,	0,	0,	0,	-1,	0,	0,	0,	0,	0,	0,	0,	0,	0,	0,	0,	0,	0,	0,	0,	0,	0,	0,	0,	0,	0,	0,	0,	0,	0,	0,	0,	0,	0,	0,	0,	-1,	0,	0,	0,	-1,	0,	0,	0,	0,	0,	0,	0,	0,	0,	0,	0,	6,	37,	7,	2,	0,	15,	0,	0,	0,	0,	2,	0,	0,	0,	0,	9,	0,	2,	0,	0,	0,	0,	0,	0,	0,	0,	2,	0,	0,	0,	0,	0,	0,	0,	2,	0,	0,	0,	0,	0,	0,	0
Drake,	0,	0,	5,	0,	2,	0,	-1,	0,	0,	0,	0,	0,	0,	0,	0,	0,	0,	0,	0,	0,	0,	0,	0,	0,	0,	0,	106,	0,	0,	0,	0,	0,	0,	0,	0,	0,	0,	0,	0,	0,	0,	0,	0,	0,	0,	0,	0,	0,	0,	0,	0,	0,	0,	0,	0,	0,	0,	0,	0,	0,	0,	0,	0,	0,	0,	0,	0,	0,	0,	0,	0,	0,	0,	0,	0,	0,	0,	0,	0,	0,	0,	0,	0,	0,	0,	0,	0,	0,	6,	0,	0,	0,	0,	0,	0,	0,	0,	0,	0,	0,	0,	0
Treefolk,	0,	3,	2,	0,	0,	0,	0,	0,	0,	0,	0,	0,	0,	0,	0,	0,	0,	0,	0,	0,	0,	0,	0,	0,	0,	0,	0,	105,	0,	0,	0,	0,	0,	0,	0,	0,	0,	0,	0,	0,	0,	0,	0,	0,	0,	0,	0,	0,	0,	0,	0,	0,	0,	0,	0,	0,	0,	0,	0,	0,	0,	13,	0,	0,	0,	15,	0,	11,	0,	0,	0,	0,	0,	0,	0,	0,	0,	0,	0,	0,	0,	0,	0,	0,	0,	0,	0,	0,	0,	0,	0,	0,	0,	0,	0,	0,	0,	0,	0,	0,	0,	0
Orc,	0,	0,	0,	0,	0,	0,	-1,	0,	0,	0,	0,	0,	0,	0,	0,	0,	0,	0,	0,	0,	0,	0,	0,	0,	0,	0,	0,	0,	110,	0,	0,	0,	0,	0,	0,	0,	0,	0,	0,	0,	0,	0,	0,	0,	0,	0,	0,	0,	0,	0,	0,	0,	-1,	0,	0,	0,	0,	0,	0,	0,	6,	29,	6,	3,	5,	9,	3,	0,	0,	2,	19,	0,	0,	4,	0,	4,	0,	2,	0,	0,	-1,	0,	3,	0,	0,	0,	0,	0,	0,	0,	-1,	0,	0,	0,	0,	0,	0,	0,	0,	0,	0,	0
Rat,	0,	0,	5,	0,	0,	0,	0,	0,	0,	0,	0,	0,	-1,	0,	0,	0,	0,	0,	0,	-1,	0,	0,	0,	0,	0,	0,	0,	0,	0,	105,	0,	0,	0,	0,	0,	0,	0,	0,	0,	0,	0,	0,	0,	0,	0,	0,	9,	0,	0,	0,	0,	0,	0,	0,	0,	0,	0,	0,	0,	0,	4,	2,	0,	0,	12,	6,	0,	0,	0,	0,	0,	5,	0,	0,	0,	2,	0,	0,	0,	0,	4,	0,	0,	0,	0,	0,	0,	0,	6,	0,	0,	0,	0,	0,	0,	0,	0,	0,	0,	0,	0,	0
Spider,	0,	0,	0,	0,	0,	0,	0,	0,	0,	0,	0,	0,	0,	0,	0,	0,	0,	0,	0,	0,	0,	0,	0,	0,	0,	0,	0,	0,	0,	0,	87,	0,	0,	0,	0,	0,	0,	0,	0,	0,	0,	0,	0,	0,	0,	0,	0,	0,	0,	0,	0,	0,	0,	0,	0,	0,	0,	0,	0,	0,	0,	0,	0,	0,	0,	0,	0,	0,	0,	0,	0,	0,	0,	-1,	0,	0,	0,	0,	0,	0,	0,	0,	0,	0,	0,	0,	0,	0,	2,	2,	0,	0,	0,	0,	0,	0,	0,	0,	0,	0,	0,	0
Kor,	0,	4,	0,	0,	0,	0,	0,	0,	0,	0,	0,	0,	0,	0,	0,	0,	0,	0,	0,	0,	0,	0,	0,	0,	0,	0,	0,	0,	0,	0,	0,	85,	0,	0,	0,	0,	0,	0,	0,	0,	0,	0,	0,	0,	0,	0,	0,	0,	0,	0,	0,	0,	0,	0,	0,	0,	0,	0,	0,	0,	6,	6,	22,	17,	4,	2,	5,	0,	8,	4,	0,	0,	0,	0,	0,	0,	0,	0,	0,	0,	0,	0,	0,	3,	0,	0,	0,	0,	2,	0,	0,	0,	0,	0,	15,	0,	0,	0,	0,	0,	0,	0
Elephant,	0,	0,	0,	0,	0,	0,	0,	0,	0,	0,	0,	0,	0,	0,	0,	0,	0,	0,	0,	0,	0,	0,	-1,	0,	0,	0,	0,	0,	0,	0,	0,	0,	86,	0,	0,	0,	0,	0,	0,	0,	0,	0,	0,	0,	0,	0,	0,	0,	0,	0,	0,	0,	0,	0,	0,	0,	0,	0,	0,	0,	2,	5,	13,	12,	0,	0,	0,	2,	0,	0,	0,	0,	0,	0,	0,	0,	0,	0,	0,	0,	0,	0,	0,	0,	0,	0,	0,	0,	2,	0,	0,	0,	0,	0,	0,	0,	0,	0,	0,	0,	0,	0
Wolf,	0,	6,	0,	0,	0,	0,	0,	0,	0,	0,	0,	0,	0,	0,	0,	0,	0,	0,	0,	0,	0,	0,	0,	0,	0,	0,	0,	0,	0,	0,	0,	0,	0,	86,	0,	0,	0,	0,	0,	0,	0,	0,	0,	0,	0,	0,	0,	0,	0,	0,	0,	0,	0,	0,	0,	0,	0,	0,	0,	0,	0,	3,	0,	0,	0,	0,	0,	0,	0,	0,	0,	0,	0,	0,	0,	0,	0,	0,	0,	0,	0,	0,	0,	0,	0,	0,	0,	2,	0,	0,	0,	0,	-1,	0,	0,	0,	0,	0,	0,	0,	0,	0
Faerie,	5,	0,	0,	0,	0,	0,	0,	0,	0,	0,	0,	0,	-1,	0,	0,	0,	0,	0,	0,	0,	0,	0,	-1,	0,	0,	0,	0,	0,	0,	0,	0,	0,	0,	0,	153,	0,	0,	0,	0,	0,	0,	0,	0,	0,	0,	0,	0,	0,	0,	0,	0,	0,	0,	0,	0,	0,	0,	0,	0,	0,	30,	0,	6,	0,	40,	0,	2,	0,	4,	2,	0,	6,	0,	0,	2,	0,	2,	0,	3,	0,	0,	0,	0,	0,	0,	0,	0,	0,	0,	0,	6,	2,	0,	0,	0,	0,	0,	0,	0,	0,	0,	0
Sphinx,	0,	0,	0,	0,	0,	0,	0,	0,	0,	0,	0,	0,	0,	0,	0,	0,	0,	0,	0,	0,	0,	0,	0,	0,	0,	0,	0,	0,	0,	0,	0,	0,	0,	0,	0,	81,	0,	0,	0,	