--- TYPE COLOR TABLE: ---
Name,	,	W,	U,	B,	R,	G,	WU,	UB,	BR,	RG,	GW,	WB,	UR,	BG,	RW,	GU,	WUB,	UBR,	BRG,	RGW,	GWU,	WBG,	URW,	BGU,	RWB,	GUR,	WUBR,	UBRG,	BRGW,	RGWU,	GWUB,	WUBRG,	Total
Adventure,	0,	23,	28,	19,	22,	29,	0,	0,	0,	0,	0,	0,	0,	0,	0,	0,	0,	0,	0,	0,	0,	0,	0,	0,	0,	0,	0,	0,	0,	0,	0,	0,	121
Advisor,	0,	33,	30,	8,	6,	10,	9,	4,	0,	2,	2,	13,	0,	0,	2,	3,	0,	0,	0,	0,	0,	0,	2,	0,	0,	0,	0,	0,	0,	0,	0,	0,	124
Aetherborn,	0,	0,	0,	17,	0,	0,	0,	0,	0,	0,	0,	0,	0,	0,	0,	0,	0,	0,	0,	0,	0,	0,	0,	0,	0,	0,	0,	0,	0,	0,	0,	0,	17
Alien,	0,	2,	8,	5,	3,	6,	0,	0,	0,	0,	0,	0,	0,	0,	0,	2,	0,	0,	0,	0,	0,	0,	0,	0,	0,	0,	0,	0,	0,	0,	0,	0,	26
Ally,	0,	27,	8,	16,	16,	13,	0,	0,	0,	0,	3,	2,	0,	0,	6,	0,	0,	0,	0,	0,	0,	0,	0,	0,	0,	0,	0,	0,	0,	0,	0,	0,	91
Angel,	8,	193,	0,	10,	4,	0,	10,	0,	0,	0,	5,	10,	0,	0,	13,	0,	0,	0,	0,	2,	3,	0,	2,	0,	0,	0,	0,	0,	0,	0,	2,	0,	262
Antelope,	0,	3,	0,	0,	0,	8,	0,	0,	0,	0,	0,	0,	0,	0,	0,	0,	0,	0,	0,	0,	0,	0,	0,	0,	0,	0,	0,	0,	0,	0,	0,	0,	11
Ape,	2,	0,	0,	2,	8,	25,	0,	0,	0,	0,	0,	0,	0,	0,	0,	0,	0,	0,	0,	0,	0,	0,	0,	0,	0,	0,	0,	0,	0,	0,	0,	0,	37
Arcane,	0,	0,	0,	0,	0,	0,	0,	0,	0,	0,	0,	0,	0,	0,	0,	0,	0,	0,	0,	0,	0,	0,	0,	0,	0,	0,	0,	0,	0,	0,	0,	0,	0
Archer,	0,	17,	2,	6,	13,	53,	0,	0,	2,	3,	8,	0,	0,	0,	0,	0,	0,	0,	0,	0,	0,	0,	0,	0,	0,	0,	0,	0,	0,	0,	0,	0,	104
Archon,	0,	15,	0,	0,	0,	0,	2,	0,	0,	0,	2,	0,	0,	0,	0,	0,	0,	0,	0,	0,	0,	0,	0,	0,	0,	0,	0,	0,	0,	0,	0,	0,	19
Art,	0,	0,	0,	0,	0,	0,	0,	0,	0,	0,	0,	0,	0,	0,	0,	0,	0,	0,	0,	0,	0,	0,	0,	0,	0,	0,	0,	0,	0,	0,	0,	0,	0
Artificer,	2,	45,	55,	14,	52,	19,	6,	3,	5,	2,	2,	0,	13,	0,	7,	2,	2,	3,	0,	0,	2,	0,	2,	0,	0,	3,	0,	0,	0,	0,	0,	0,	239
Assassin,	0,	0,	4,	78,	6,	2,	0,	13,	5,	0,	0,	2,	2,	4,	6,	0,	0,	4,	0,	0,	0,	0,	0,	0,	4,	0,	0,	0,	0,	0,	0,	0,	130
Assembly-Worker,	11,	0,	0,	0,	0,	0,	0,	0,	0,	0,	0,	0,	0,	0,	0,	0,	0,	0,	0,	0,	0,	0,	0,	0,	0,	0,	0,	0,	0,	0,	0,	0,	11
Astartes,	0,	5,	0,	3,	5,	0,	0,	0,	2,	0,	0,	2,	0,	0,	0,	0,	0,	0,	0,	0,	0,	0,	0,	0,	0,	0,	0,	0,	0,	0,	0,	0,	17
Aura,	0,	0,	0,	0,	0,	0,	0,	0,	0,	0,	0,	0,	0,	0,	0,	0,	0,	0,	0,	0,	0,	0,	0,	0,	0,	0,	0,	0,	0,	0,	0,	0,	0
Avatar,	3,	18,	13,	16,	9,	18,	0,	2,	6,	2,	2,	0,	2,	2,	0,	3,	0,	3,	0,	0,	0,	0,	0,	0,	0,	0,	0,	0,	0,	0,	0,	9,	108
Azra,	0,	0,	0,	6,	0,	0,	0,	0,	2,	0,	0,	0,	0,	0,	0,	0,	0,	0,	0,	0,	0,	0,	0,	0,	0,	0,	0,	0,	0,	0,	0,	0,	8
Badger,	0,	0,	0,	0,	2,	7,	0,	0,	0,	0,	0,	0,	0,	0,	0,	0,	0,	0,	0,	0,	0,	0,	0,	0,	0,	0,	0,	0,	0,	0,	0,	0,	9
Barbarian,	0,	0,	0,	2,	35,	2,	0,	0,	0,	3,	0,	0,	0,	0,	0,	0,	0,	0,	0,	0,	0,	0,	0,	0,	0,	0,	0,	0,	0,	0,	0,	0,	42
Bard,	0,	5,	0,	0,	9,	11,	0,	0,	2,	2,	2,	0,	0,	0,	0,	0,	0,	0,	0,	0,	0,	0,	0,	0,	0,	0,	0,	0,	0,	0,	0,	0,	31
Basilisk,	0,	0,	0,	0,	0,	12,	0,	0,	0,	0,	0,	0,	0,	0,	0,	0,	0,	0,	0,	0,	0,	0,	0,	0,	0,	0,	0,	0,	0,	0,	0,	0,	12
Bat,	0,	5,	0,	34,	0,	0,	0,	0,	0,	0,	0,	4,	0,	0,	0,	0,	0,	0,	0,	0,	0,	0,	0,	0,	0,	0,	0,	0,	0,	0,	0,	0,	43
Bear,	0,	0,	0,	0,	0,	40,	0,	0,	0,	0,	0,	0,	0,	0,	0,	0,	0,	0,	0,	0,	0,	0,	0,	0,	0,	0,	0,	0,	0,	0,	0,	0,	40
Beast,	16,	29,	47,	38,	87,	226,	0,	0,	5,	12,	11,	0,	3,	8,	4,	14,	0,	0,	0,	8,	0,	2,	0,	3,	0,	4,	0,	0,	0,	0,	0,	0,	517
Berserker,	0,	0,	0,	22,	82,	9,	0,	0,	6,	8,	0,	0,	0,	0,	0,	0,	0,	0,	0,	0,	0,	0,	0,	0,	0,	0,	0,	0,	0,	0,	0,	0,	127
Bird,	13,	148,	139,	31,	14,	12,	22,	5,	0,	0,	0,	3,	2,	0,	0,	6,	0,	0,	0,	0,	-1,	0,	-1,	0,	0,	0,	0,	0,	0,	0,	0,	-1,	392
Boar,	3,	0,	0,	2,	14,	25,	0,	0,	0,	5,	0,	0,	0,	0,	0,	0,	0,	0,	0,	0,	0,	0,	0,	0,	0,	0,	0,	0,	0,	0,	0,	0,	49
Cat,	9,	131,	7,	15,	28,	67,	6,	0,	0,	6,	21,	4,	0,	2,	3,	0,	0,	0,	2,	7,	3,	0,	2,	0,	0,	0,	0,	0,	0,	0,	0,	0,	313
Cave,	0,	0,	0,	0,	0,	0,	0,	0,	0,	0,	0,	0,	0,	0,	0,	0,	0,	0,	0,	0,	0,	0,	0,	0,	0,	0,	0,	0,	0,	0,	0,	0,	0
Centaur,	0,	6,	0,	2,	0,	53,	0,	0,	0,	6,	8,	0,	0,	0,	0,	0,	0,	0,	0,	0,	0,	0,	0,	0,	0,	0,	0,	0,	0,	0,	0,	0,	75
Chimera,	6,	0,	5,	0,	0,	4,	0,	0,	0,	0,	0,	0,	4,	0,	0,	0,	0,	0,	0,	0,	0,	0,	0,	0,	0,	0,	0,	0,	0,	0,	0,	0,	19
Citizen,	0,	16,	3,	6,	10,	16,	0,	0,	0,	0,	6,	0,	0,	0,	2,	0,	0,	0,	0,	0,	4,	0,	0,	0,	0,	0,	0,	0,	0,	0,	0,	0,	63
Cleric,	4,	364,	19,	111,	8,	23,	6,	3,	3,	2,	16,	31,	0,	3,	10,	0,	2,	0,	0,	0,	2,	0,	0,	0,	2,	0,	0,	0,	0,	0,	0,	0,	609
Clown,	0,	3,	0,	0,	7,	0,	0,	0,	0,	0,	0,	0,	0,	0,	0,	0,	0,	0,	0,	0,	0,	0,	0,	0,	0,	0,	0,	0,	0,	0,	0,	0,	10
Clue,	0,	0,	2,	0,	0,	0,	0,	0,	0,	0,	0,	0,	-1,	0,	0,	0,	0,	0,	0,	0,	0,	0,	0,	0,	0,	0,	0,	0,	0,	0,	0,	0,	1
Cockatrice,	0,	0,	0,	0,	0,	0,	0,	0,	0,	0,	0,	0,	0,	0,	0,	0,	0,	0,	0,	0,	0,	0,	0,	0,	0,	0,	0,	0,	0,	0,	0,	0,	0
Construct,	199,	0,	5,	4,	5,	0,	0,	0,	3,	0,	0,	0,	0,	0,	0,	0,	0,	0,	0,	0,	0,	0,	0,	0,	0,	0,	0,	0,	0,	0,	0,	0,	216
Coward,	0,	0,	0,	0,	2,	0,	0,	0,	0,	0,	0,	0,	0,	0,	0,	0,	0,	0,	0,	0,	0,	0,	0,	0,	0,	0,	0,	0,	0,	0,	0,	0,	2
Crab,	2,	0,	30,	3,	0,	0,	0,	0,	0,	0,	0,	0,	0,	0,	0,	4,	0,	0,	0,	0,	0,	0,	0,	0,	0,	0,	0,	0,	0,	0,	0,	0,	39
Crocodile,	0,	0,	3,	12,	0,	14,	0,	0,	0,	0,	0,	0,	0,	0,	0,	2,	0,	0,	0,	0,	0,	0,	0,	0,	0,	0,	0,	0,	0,	0,	0,	0,	31
Cyborg,	0,	14,	4,	0,	0,	0,	0,	0,	0,	0,	0,	0,	0,	0,	0,	0,	0,	0,	0,	0,	0,	0,	0,	0,	0,	0,	0,	0,	0,	0,	0,	0,	18
Cyclops,	0,	0,	0,	2,	24,	0,	0,	0,	0,	3,	0,	0,	3,	0,	0,	-1,	0,	0,	0,	0,	0,	0,	0,	0,	0,	0,	0,	0,	0,	0,	0,	0,	31
Dauthi,	0,	0,	0,	11,	0,	0,	0,	0,	0,	0,	0,	0,	0,	0,	0,	0,	0,	0,	0,	0,	0,	0,	0,	0,	0,	0,	0,	0,	0,	0,	0,	0,	11
Demon,	0,	0,	2,	149,	14,	0,	0,	4,	22,	0,	0,	2,	3,	4,	0,	0,	0,	5,	0,	0,	0,	0,	0,	0,	-1,	0,	0,	0,	0,	0,	0,	0,	204
Desert,	0,	0,	0,	0,	0,	0,	0,	0,	0,	0,	0,	0,	0,	0,	0,	0,	-1,	-1,	0,	0,	0,	0,	0,	0,	0,	0,	0,	0,	0,	0,	0,	0,	-2
Detective,	0,	11,	19,	6,	3,	8,	6,	6,	0,	0,	0,	0,	3,	0,	3,	6,	0,	0,	0,	0,	2,	0,	0,	0,	0,	0,	0,	0,	0,	0,	0,	0,	73
Devil,	0,	0,	0,	4,	43,	0,	0,	0,	10,	0,	0,	0,	0,	0,	0,	0,	0,	0,	2,	0,	0,	0,	0,	0,	0,	0,	0,	0,	0,	0,	0,	0,	59
Dinosaur,	-1,	25,	-1,	6,	51,	76,	0,	0,	0,	11,	4,	0,	0,	2,	6,	2,	0,	0,	0,	3,	0,	0,	2,	0,	0,	2,	0,	0,	0,	0,	0,	0,	188
Djinn,	0,	0,	37,	5,	7,	3,	0,	0,	0,	0,	0,	0,	4,	0,	0,	0,	0,	0,	0,	0,	0,	0,	4,	0,	0,	0,	0,	0,	0,	0,	0,	0,	60
Doctor,	0,	0,	0,	0,	0,	0,	7,	0,	0,	0,	0,	0,	3,	0,	0,	4,	0,	0,	0,	0,	-1,	0,	0,	0,	0,	0,	0,	0,	0,	0,	0,	0,	13
Dog,	11,	36,	5,	16,	33,	29,	0,	0,	3,	0,	2,	0,	0,	0,	0,	0,	0,	0,	0,	3,	0,	0,	0,	0,	0,	0,	0,	0,	0,	0,	0,	0,	138
Dragon,	24,	25,	37,	24,	164,	27,	4,	5,	10,	11,	4,	0,	13,	2,	2,	2,	3,	3,	14,	4,	4,	4,	5,	4,	5,	5,	0,	0,	0,	0,	0,	8,	413
Drake,	2,	0,	76,	6,	6,	3,	4,	2,	0,	0,	0,	0,	4,	0,	0,	2,	0,	0,	0,	0,	0,	0,	0,	0,	0,	0,	0,	0,	0,	0,	0,	0,	105
Drone,	5,	0,	21,	13,	10,	13,	0,	2,	2,	0,	0,	0,	0,	2,	0,	0,	0,	0,	0,	0,	0,	0,	0,	0,	0,	0,	0,	0,	0,	0,	0,	0,	68
Druid,	0,	7,	0,	5,	4,	268,	0,	0,	0,	9,	13,	0,	0,	10,	0,	16,	0,	0,	0,	9,	2,	0,	0,	0,	0,	0,	0,	0,	0,	0,	0,	0,	343
Dryad,	0,	0,	0,	0,	0,	39,	0,	0,	0,	0,	8,	0,	0,	2,	0,	0,	0,	0,	0,	0,	0,	0,	0,	0,	0,	0,	0,	0,	0,	0,	0,	0,	49
Dwarf,	0,	44,	0,	4,	60,	3,	0,	0,	0,	0,	0,	0,	0,	0,	12,	0,	0,	0,	0,	0,	0,	0,	0,	0,	0,	0,	0,	0,	0,	0,	0,	0,	123
Efreet,	0,	0,	5,	0,	15,	2,	0,	0,	0,	0,	0,	0,	4,	0,	0,	0,	0,	0,	0,	0,	0,	0,	0,	0,	0,	0,	0,	0,	0,	0,	0,	0,	26
Egg,	3,	0,	2,	0,	4,	2,	0,	0,	0,	0,	0,	0,	0,	0,	0,	0,	0,	0,	0,	0,	0,	0,	0,	0,	0,	0,	0,	0,	0,	0,	0,	0,	11
Elder,	0,	2,	2,	5,	3,	3,	0,	0,	3,	2,	0,	0,	0,	2,	2,	2,	2,	2,	2,	3,	2,	0,	0,	0,	2,	0,	0,	0,	0,	0,	0,	0,	39
Eldrazi,	90,	3,	26,	22,	15,	19,	0,	4,	3,	2,	0,	0,	0,	2,	0,	3,	0,	0,	0,	0,	0,	0,	0,	0,	0,	0,	0,	0,	0,	0,	0,	0,	189
Elemental,	8,	27,	102,	34,	196,	131,	4,	2,	16,	15,	12,	3,	8,	8,	7,	5,	0,	0,	0,	0,	0,	0,	2,	3,	0,	6,	0,	0,	0,	0,	0,	3,	592
Elephant,	3,	34,	0,	0,	2,	36,	0,	0,	0,	0,	5,	0,	0,	0,	2,	0,	0,	0,	0,	0,	0,	0,	0,	0,	0,	0,	0,	0,	0,	0,	0,	0,	82
Elf,	2,	16,	9,	0,	3,	399,	0,	3,	2,	14,	40,	3,	0,	35,	0,	30,	0,	0,	0,	13,	2,	0,	0,	0,	0,	0,	0,	0,	0,	0,	0,	0,	571
Elk,	0,	8,	3,	0,	0,	22,	0,	0,	0,	0,	0,	0,	0,	0,	0,	0,	0,	0,	0,	0,	0,	0,	0,	0,	0,	0,	0,	0,	0,	0,	0,	0,	33
Employee,	0,	4,	2,	5,	5,	4,	0,	0,	0,	0,	0,	0,	0,	0,	0,	0,	0,	0,	0,	0,	0,	0,	0,	0,	0,	0,	0,	0,	0,	0,	0,	0,	20
Equipment,	0,	4,	4,	3,	8,	2,	0,	0,	0,	0,	0,	0,	0,	0,	0,	0,	0,	0,	0,	0,	0,	0,	0,	0,	0,	0,	0,	0,	0,	0,	0,	0,	21
Eye,	0,	0,	3,	5,	0,	0,	0,	0,	0,	0,	0,	0,	0,	0,	0,	0,	0,	0,	0,	0,	0,	0,	0,	0,	0,	0,	0,	0,	0,	0,	0,	0,	8
Faerie,	0,	11,	0,	26,	2,	13,	3,	15,	0,	0,	0,	0,	2,	0,	0,	4,	0,	0,	0,	0,	3,	0,	0,	0,	0,	0,	0,	0,	0,	0,	0,	0,	79
Fish,	3,	0,	36,	2,	2,	0,	0,	0,	0,	0,	0,	0,	2,	0,	0,	2,	0,	0,	0,	0,	0,	0,	0,	0,	0,	0,	0,	0,	0,	0,	0,	0,	47
Food,	2,	0,	0,	0,	0,	2,	0,	0,	0,	0,	0,	0,	0,	0,	0,	0,	0,	0,	0,	0,	0,	0,	0,	0,	-1,	0,	0,	0,	0,	0,	0,	0,	3
Fox,	3,	38,	0,	0,	0,	2,	0,	0,	0,	0,	0,	0,	0,	0,	0,	0,	0,	0,	0,	0,	0,	0,	0,	0,	0,	0,	0,	0,	0,	0,	0,	0,	43
Frog,	5,	0,	14,	10,	0,	22,	0,	0,	0,	0,	0,	0,	0,	5,	0,	10,	0,	0,	0,	0,	0,	0,	0,	0,	0,	0,	0,	0,	0,	0,	0,	0,	66
Fungus,	0,	0,	0,	13,	0,	43,	0,	0,	0,	0,	0,	0,	0,	8,	0,	0,	0,	0,	0,	0,	0,	0,	0,	2,	0,	0,	0,	0,	0,	0,	0,	0,	66
Gargoyle,	13,	12,	2,	0,	2,	0,	4,	0,	0,	0,	0,	0,	0,	0,	0,	0,	0,	0,	0,	0,	0,	0,	0,	0,	0,	0,	0,	0,	0,	0,	0,	0,	33
Gate,	0,	0,	0,	0,	0,	0,	0,	0,	0,	0,	0,	0,	0,	0,	0,	0,	0,	0,	0,	0,	0,	0,	0,	0,	0,	0,	0,	0,	0,	0,	0,	0,	0
Giant,	0,	38,	18,	22,	86,	29,	0,	0,	3,	9,	0,	2,	2,	0,	7,	2,	0,	0,	0,	0,	0,	0,	0,	0,	0,	0,	0,	0,	0,	0,	0,	0,	218
Gnome,	13,	6,	4,	0,	3,	2,	0,	0,	0,	0,	0,	0,	0,	0,	0,	0,	0,	0,	0,	0,	0,	0,	2,	0,	0,	0,	0,	0,	0,	0,	0,	0,	30
Goat,	0,	6,	0,	0,	7,	2,	0,	0,	0,	0,	0,	0,	0,	0,	0,	0,	0,	0,	0,	0,	0,	0,	0,	0,	0,	0,	0,	0,	0,	0,	0,	0,	15
Goblin,	4,	0,	0,	36,	398,	9,	0,	0,	11,	20,	0,	0,	10,	0,	5,	0,	0,	0,	3,	0,	0,	0,	0,	0,	2,	0,	0,	0,	0,	0,	0,	0,	498
God,	-1,	0,	8,	9,	9,	8,	3,	3,	2,	3,	0,	3,	2,	0,	2,	3,	0,	0,	0,	0,	0,	0,	0,	0,	0,	0,	0,	0,	0,	0,	0,	2,	56
Golem,	143,	5,	0,	2,	3,	3,	0,	0,	0,	0,	0,	0,	0,	0,	0,	0,	0,	0,	0,	0,	0,	0,	0,	0,	0,	0,	0,	0,	0,	0,	0,	0,	156
Gorgon,	0,	0,	0,	18,	0,	0,	0,	0,	0,	0,	0,	0,	0,	6,	0,	0,	0,	0,	0,	0,	0,	0,	0,	0,	0,	0,	0,	0,	0,	0,	0,	0,	24
Gremlin,	0,	0,	0,	2,	11,	0,	0,	0,	0,	0,	0,	0,	0,	0,	0,	0,	0,	0,	0,	0,	0,	0,	0,	0,	0,	0,	0,	0,	0,	0,	0,	0,	13
Griffin,	0,	45,	3,	0,	0,	0,	3,	0,	0,	0,	0,	0,	0,	0,	0,	0,	0,	0,	0,	0,	0,	0,	0,	0,	0,	0,	0,	0,	0,	0,	0,	0,	51
Guest,	0,	2,	3,	6,	4,	3,	0,	0,	0,	0,	0,	0,	0,	0,	0,	0,	0,	0,	0,	0,	0,	0,	0,	0,	0,	0,	0,	0,	0,	0,	0,	0,	18
Gus,	0,	0,	0,	0,	0,	-1,	0,	0,	0,	0,	0,	0,	0,	0,	0,	0,	0,	0,	0,	0,	0,	0,	0,	0,	0,	0,	0,	0,	0,	0,	0,	0,	-1
Hag,	0,	0,	2,	2,	0,	0,	0,	0,	0,	0,	0,	3,	0,	3,	0,	0,	0,	0,	0,	0,	0,	0,	0,	0,	0,	0,	0,	0,	0,	0,	0,	0,	10
Halfling,	0,	11,	0,	8,	0,	8,	0,	0,	0,	0,	6,	2,	0,	2,	0,	0,	0,	0,	0,	0,	0,	0,	0,	0,	0,	0,	0,	0,	0,	0,	0,	0,	37
Harpy,	0,	0,	0,	10,	0,	0,	0,	0,	0,	0,	0,	0,	0,	0,	0,	0,	0,	0,	0,	0,	0,	0,	0,	0,	0,	0,	0,	0,	0,	0,	0,	0,	10
Hellion,	0,	0,	0,	0,	17,	0,	0,	0,	0,	4,	0,	0,	0,	0,	0,	0,	0,	0,	0,	0,	0,	0,	0,	0,	0,	0,	0,	0,	0,	0,	0,	0,	21
Hippo,	0,	0,	0,	0,	0,	3,	0,	0,	0,	0,	0,	0,	0,	0,	0,	2,	0,	0,	0,	0,	0,	0,	0,	0,	0,	0,	0,	0,	0,	0,	0,	0,	5
Hippogriff,	0,	6,	2,	0,	0,	0,	0,	0,	0,	0,	0,	0,	0,	0,	0,	0,	0,	0,	0,	0,	0,	0,	0,	0,	0,	0,	0,	0,	0,	0,	0,	0,	8
Homarid,	0,	0,	9,	0,	0,	0,	0,	0,	0,	0,	0,	0,	0,	0,	0,	0,	0,	0,	0,	0,	0,	0,	0,	0,	0,	0,	0,	0,	0,	0,	0,	0,	9
Homunculus,	2,	2,	22,	0,	0,	0,	0,	0,	0,	0,	0,	0,	0,	0,	0,	0,	0,	0,	0,	0,	0,	0,	0,	0,	0,	0,	0,	0,	0,	0,	0,	0,	26
Horror,	14,	10,	46,	170,	11,	27,	0,	11,	9,	0,	0,	0,	6,	13,	0,	2,	2,	3,	0,	0,	0,	0,	0,	2,	0,	0,	0,	0,	0,	0,	0,	0,	326
Horse,	6,	10,	7,	10,	6,	8,	0,	0,	0,	0,	0,	0,	0,	0,	0,	0,	0,	0,	0,	0,	0,	0,	0,	0,	0,	0,	0,	0,	0,	0,	0,	0,	47
Human,	5,	1113,	556,	473,	543,	385,	84,	68,	48,	48,	63,	62,	47,	21,	97,	31,	19,	16,	7,	17,	20,	10,	17,	5,	14,	12,	0,	0,	0,	3,	0,	4,	3788
Hydra,	0,	0,	0,	0,	6,	48,	0,	0,	0,	3,	2,	0,	0,	2,	0,	4,	0,	0,	-1,	0,	-1,	0,	0,	0,	0,	0,	0,	0,	0,	0,	0,	0,	63
Illusion,	0,	2,	89,	3,	0,	0,	0,	2,	0,	0,	0,	0,	0,	0,	0,	0,	0,	0,	0,	0,	0,	0,	0,	0,	0,	0,	0,	0,	0,	0,	0,	0,	96
Imp,	0,	0,	0,	38,	3,	0,	0,	0,	0,	0,	0,	0,	0,	0,	0,	0,	0,	0,	0,	0,	0,	0,	0,	0,	0,	0,	0,	0,	0,	0,	0,	0,	41
Incarnation,	0,	5,	3,	3,	3,	4,	0,	0,	0,	0,	0,	0,	0,	0,	0,	0,	0,	0,	0,	0,	0,	0,	0,	0,	0,	0,	0,	0,	0,	0,	0,	0,	18
Insect,	32,	5,	8,	64,	21,	92,	0,	3,	2,	0,	0,	0,	0,	8,	0,	0,	0,	0,	3,	0,	0,	2,	0,	0,	0,	0,	0,	0,	0,	0,	0,	0,	240
Jackal,	0,	0,	0,	5,	14,	5,	0,	0,	0,	0,	0,	0,	0,	0,	0,	0,	0,	0,	0,	0,	0,	0,	0,	0,	0,	0,	0,	0,	0,	0,	0,	0,	24
Jellyfish,	0,	0,	13,	0,	0,	0,	0,	0,	0,	0,	0,	0,	0,	0,	0,	0,	0,	0,	0,	0,	0,	0,	0,	0,	0,	0,	0,	0,	0,	0,	0,	0,	13
Juggernaut,	20,	0,	0,	0,	0,	0,	0,	0,	0,	0,	0,	0,	0,	0,	0,	0,	0,	0,	0,	0,	0,	0,	0,	0,	0,	0,	0,	0,	0,	0,	0,	0,	20
Kavu,	0,	0,	0,	0,	22,	16,	0,	0,	0,	6,	0,	0,	0,	0,	0,	0,	0,	0,	0,	0,	0,	0,	0,	0,	0,	0,	0,	0,	0,	0,	0,	0,	44
Kirin,	0,	7,	0,	0,	0,	0,	0,	0,	0,	0,	0,	0,	0,	0,	0,	0,	0,	0,	0,	0,	0,	0,	0,	0,	0,	0,	0,	0,	0,	0,	0,	0,	7
Kithkin,	0,	49,	2,	0,	0,	2,	8,	0,	0,	0,	0,	0,	0,	0,	0,	0,	0,	0,	0,	0,	0,	0,	0,	0,	0,	0,	0,	0,	0,	0,	0,	0,	61
Knight,	4,	219,	22,	71,	51,	17,	16,	2,	6,	2,	25,	20,	0,	2,	18,	0,	3,	0,	0,	0,	2,	0,	2,	0,	3,	0,	0,	0,	0,	0,	0,	0,	485
Kobold,	0,	0,	0,	0,	12,	0,	0,	0,	2,	0,	0,	0,	0,	0,	0,	0,	0,	0,	0,	0,	0,	0,	0,	0,	0,	0,	0,	0,	0,	0,	0,	0,	14
Kor,	0,	71,	2,	0,	0,	0,	0,	0,	0,	0,	0,	4,	0,	0,	6,	0,	0,	0,	0,	0,	0,	0,	0,	0,	0,	0,	0,	0,	0,	0,	0,	0,	83
Kraken,	0,	0,	24,	0,	0,	0,	0,	3,	0,	0,	0,	0,	0,	0,	0,	0,	0,	-1,	0,	0,	0,	0,	0,	0,	0,	0,	0,	0,	0,	0,	0,	0,	26
Lair,	0,	0,	0,	0,	0,	0,	0,	0,	0,	0,	0,	0,	0,	0,	0,	0,	0,	0,	0,	0,	0,	0,	0,	0,	0,	0,	0,	0,	0,	0,	0,	0,	0
Leech,	0,	0,	2,	12,	0,	2,	0,	0,	0,	0,	0,	0,	0,	0,	0,	0,	0,	0,	0,	0,	0,	0,	0,	0,	0,	0,	0,	0,	0,	0,	0,	0,	16
Leviathan,	0,	0,	17,	0,	0,	0,	0,	0,	0,	0,	0,	0,	0,	0,	0,	2,	0,	0,	0,	0,	0,	0,	0,	0,	0,	0,	0,	0,	0,	0,	0,	-1,	18
Lhurgoyf,	0,	0,	2,	5,	3,	5,	0,	0,	0,	0,	0,	0,	0,	0,	0,	0,	0,	0,	0,	0,	0,	0,	0,	0,	0,	0,	0,	0,	0,	0,	0,	0,	15
Licid,	0,	2,	3,	2,	2,	2,	0,	0,	0,	0,	0,	0,	0,	0,	0,	0,	0,	0,	0,	0,	0,	0,	0,	0,	0,	0,	0,	0,	0,	0,	0,	0,	11
Lizard,	3,	0,	4,	10,	90,	-1,	0,	0,	7,	4,	0,	0,	4,	4,	2,	6,	0,	0,	7,	0,	0,	0,	0,	0,	0,	0,	0,	0,	0,	0,	0,	0,	140
Lord,	0,	0,	0,	0,	0,	0,	6,	3,	2,	0,	0,	0,	4,	0,	2,	4,	0,	3,	0,	0,	0,	0,	0,	0,	0,	0,	0,	0,	0,	0,	0,	0,	24
Manticore,	0,	0,	0,	0,	9,	0,	0,	0,	0,	0,	0,	0,	0,	0,	0,	0,	0,	0,	0,	0,	0,	0,	0,	0,	0,	0,	0,	0,	0,	0,	0,	0,	9
Mercenary,	0,	7,	2,	36,	13,	3,	0,	0,	7,	2,	0,	0,	0,	0,	0,	0,	0,	0,	0,	0,	0,	0,	0,	0,	0,	0,	0,	0,	0,	0,	0,	0,	70
Merfolk,	0,	5,	214,	3,	0,	27,	6,	11,	0,	0,	0,	0,	4,	0,	0,	27,	0,	0,	0,	0,	0,	0,	0,	0,	0,	0,	0,	0,	0,	0,	0,	0,	297
Metathran,	0,	0,	8,	0,	0,	0,	0,	0,	0,	0,	0,	0,	0,	0,	0,	0,	0,	0,	0,	0,	0,	0,	0,	0,	0,	0,	0,	0,	0,	0,	0,	0,	8
Minion,	0,	0,	0,	38,	0,	0,	0,	0,	3,	0,	0,	0,	0,	0,	0,	0,	0,	0,	0,	0,	0,	0,	0,	0,	0,	0,	0,	0,	0,	0,	0,	0,	41
Minotaur,	0,	0,	0,	14,	77,	0,	0,	0,	6,	3,	0,	0,	2,	0,	7,	0,	0,	0,	0,	0,	0,	0,	0,	0,	0,	0,	0,	0,	0,	0,	0,	0,	109
Monk,	2,	49,	21,	0,	16,	26,	4,	0,	0,	0,	2,	0,	2,	0,	0,	0,	0,	0,	0,	0,	0,	0,	10,	0,	0,	0,	0,	0,	0,	0,	0,	0,	132
Monkey,	0,	0,	0,	2,	5,	8,	0,	0,	0,	0,	0,	0,	0,	0,	0,	0,	0,	0,	0,	0,	0,	0,	0,	0,	0,	0,	0,	0,	0,	0,	0,	0,	15
Moon,	0,	0,	0,	0,	0,	0,	0,	0,	0,	0,	0,	0,	0,	0,	0,	0,	0,	0,	0,	0,	0,	0,	0,	0,	0,	0,	0,	0,	0,	0,	0,	0,	0
Moonfolk,	0,	0,	28,	0,	0,	0,	2,	0,	0,	0,	0,	0,	0,	0,	0,	0,	0,	0,	0,	0,	0,	0,	0,	0,	0,	0,	0,	0,	0,	0,	0,	0,	30
Mount,	0,	10,	0,	0,	5,	9,	0,	0,	0,	0,	3,	0,	0,	0,	0,	0,	0,	0,	0,	0,	0,	0,	0,	0,	0,	0,	0,	0,	0,	0,	0,	0,	27
Mouse,	0,	11,	0,	0,	7,	0,	0,	0,	0,	0,	0,	0,	0,	0,	3,	0,	0,	0,	0,	0,	0,	0,	0,	0,	0,	0,	0,	0,	0,	0,	0,	0,	21
Mutant,	0,	0,	17,	0,	0,	28,	0,	2,	0,	0,	0,	0,	3,	3,	0,	12,	0,	0,	0,	0,	0,	0,	0,	3,	0,	0,	0,	0,	0,	0,	0,	0,	68
Myr,	41,	0,	2,	0,	0,	0,	0,	0,	0,	0,	0,	0,	0,	0,	0,	0,	0,	0,	0,	0,	0,	0,	0,	0,	0,	0,	0,	0,	0,	0,	0,	0,	43
Necron,	0,	0,	0,	23,	0,	0,	0,	0,	0,	0,	0,	0,	0,	0,	0,	0,	0,	0,	0,	0,	0,	0,	0,	0,	0,	0,	0,	0,	0,	0,	0,	0,	23
Nightmare,	0,	5,	18,	36,	8,	0,	0,	6,	3,	0,	0,	2,	0,	4,	0,	0,	0,	0,	0,	0,	0,	3,	0,	3,	0,	0,	0,	0,	0,	0,	0,	0,	88
Nightstalker,	0,	0,	0,	12,	0,	0,	0,	0,	0,	0,	0,	0,	0,	0,	0,	0,	0,	0,	0,	0,	0,	0,	0,	0,	0,	0,	0,	0,	0,	0,	0,	0,	12
Ninja,	0,	0,	19,	20,	0,	5,	0,	9,	0,	0,	0,	0,	0,	0,	0,	0,	0,	0,	0,	0,	0,	0,	0,	0,	0,	0,	0,	0,	0,	0,	0,	0,	53
Noble,	0,	21,	14,	30,	7,	14,	6,	4,	8,	0,	6,	7,	0,	2,	5,	9,	0,	4,	2,	0,	0,	0,	0,	0,	0,	3,	0,	0,	0,	0,	0,	0,	142
Nomad,	0,	20,	0,	0,	6,	2,	0,	0,	0,	0,	0,	0,	0,	0,	0,	0,	0,	0,	0,	0,	0,	0,	0,	0,	0,	0,	0,	0,	0,	0,	0,	0,	28
Nymph,	0,	3,	4,	3,	3,	4,	0,	0,	0,	0,	0,	0,	0,	0,	0,	0,	0,	0,	0,	0,	0,	0,	0,	0,	0,	0,	0,	0,	0,	0,	0,	0,	17
Octopus,	0,	0,	35,	0,	0,	0,	0,	0,	0,	0,	0,	0,	0,	0,	0,	2,	3,	0,	0,	0,	0,	0,	0,	0,	0,	0,	0,	0,	0,	0,	0,	0,	40
Ogre,	0,	2,	0,	34,	74,	4,	0,	0,	9,	4,	0,	0,	0,	0,	0,	0,	0,	4,	0,	0,	0,	0,	0,	0,	0,	0,	0,	0,	0,	0,	0,	0,	131
Omen,	0,	3,	4,	4,	3,	4,	0,	0,	0,	0,	0,	0,	0,	0,	0,	0,	0,	0,	0,	0,	0,	0,	0,	0,	0,	0,	0,	0,	0,	0,	0,	0,	18
Ooze,	0,	0,	0,	8,	4,	29,	0,	0,	0,	0,	0,	0,	0,	3,	0,	4,	0,	0,	0,	0,	0,	0,	0,	3,	0,	0,	0,	0,	0,	0,	0,	0,	51
Orc,	0,	6,	3,	28,	48,	0,	0,	0,	7,	-1,	0,	-1,	6,	0,	0,	0,	0,	0,	0,	0,	0,	0,	2,	0,	5,	0,	0,	0,	0,	0,	0,	0,	103
Otter,	0,	0,	9,	0,	6,	0,	0,	0,	0,	0,	0,	0,	7,	0,	0,	0,	0,	0,	0,	0,	0,	0,	0,	0,	0,	0,	0,	0,	0,	0,	0,	0,	22
Ouphe,	0,	0,	0,	0,	0,	14,	0,	0,	0,	0,	0,	0,	0,	0,	0,	0,	0,	0,	0,	0,	0,	0,	0,	0,	0,	0,	0,	0,	0,	0,	0,	0,	14
Ox,	0,	12,	0,	0,	6,	4,	0,	0,	0,	0,	0,	0,	0,	0,	0,	0,	0,	0,	0,	0,	0,	0,	0,	0,	0,	0,	0,	0,	0,	0,	0,	0,	22
Peasant,	0,	18,	2,	5,	7,	8,	0,	0,	0,	0,	4,	0,	0,	0,	0,	0,	0,	0,	0,	0,	0,	0,	0,	0,	0,	0,	0,	0,	0,	0,	0,	0,	44
Pegasus,	0,	21,	0,	0,	0,	0,	0,	0,	0,	0,	0,	0,	0,	0,	0,	0,	0,	0,	0,	0,	0,	0,	0,	0,	0,	0,	0,	0,	0,	0,	0,	0,	21
Performer,	0,	4,	6,	0,	3,	6,	0,	0,	0,	0,	0,	0,	0,	0,	0,	0,	0,	0,	0,	0,	0,	0,	0,	0,	0,	0,	0,	0,	0,	0,	0,	0,	19
Phoenix,	0,	0,	0,	0,	36,	0,	0,	0,	0,	0,	0,	0,	0,	0,	0,	0,	0,	0,	0,	0,	0,	0,	0,	0,	0,	0,	0,	0,	0,	0,	0,	0,	36
Phyrexia,	0,	0,	0,	0,	0,	0,	0,	0,	0,	0,	0,	0,	0,	0,	0,	0,	0,	0,	0,	0,	0,	0,	0,	0,	0,	0,	0,	0,	0,	0,	0,	0,	0
Phyrexian,	54,	56,	42,	153,	37,	58,	4,	7,	11,	4,	3,	9,	5,	0,	2,	5,	0,	0,	0,	0,	0,	2,	0,	0,	0,	0,	0,	0,	0,	0,	2,	0,	454
Pilot,	0,	11,	5,	2,	7,	0,	0,	0,	0,	0,	0,	0,	0,	0,	6,	0,	0,	0,	0,	0,	0,	0,	0,	0,	0,	0,	0,	0,	0,	0,	0,	0,	31
Pirate,	0,	0,	66,	26,	50,	0,	0,	7,	3,	0,	0,	0,	13,	0,	0,	0,	0,	4,	0,	0,	0,	0,	0,	0,	0,	0,	0,	0,	0,	0,	0,	0,	169
Planet,	0,	0,	0,	0,	0,	0,	0,	0,	0,	0,	0,	0,	0,	0,	0,	0,	0,	0,	0,	0,	0,	0,	0,	0,	0,	0,	0,	0,	0,	0,	0,	0,	0
Plant,	0,	0,	2,	2,	0,	62,	0,	0,	0,	0,	0,	0,	0,	8,	0,	3,	0,	0,	0,	0,	0,	0,	0,	0,	0,	0,	0,	0,	0,	0,	0,	0,	77
Praetor,	0,	3,	3,	6,	3,	3,	0,	0,	0,	0,	0,	0,	0,	0,	0,	0,	0,	0,	0,	0,	0,	0,	0,	0,	0,	0,	0,	0,	0,	0,	0,	0,	18
Processor,	3,	0,	4,	2,	0,	0,	0,	0,	0,	0,	0,	0,	0,	0,	0,	0,	0,	0,	0,	0,	0,	0,	0,	0,	0,	0,	0,	0,	0,	0,	0,	0,	9
Rabbit,	0,	15,	0,	0,	0,	8,	0,	0,	0,	0,	4,	0,	0,	0,	0,	0,	0,	0,	0,	0,	0,	0,	0,	0,	0,	0,	0,	0,	0,	0,	0,	0,	27
Raccoon,	0,	0,	0,	0,	7,	11,	0,	0,	0,	4,	0,	0,	0,	0,	0,	0,	0,	0,	0,	0,	0,	0,	0,	0,	0,	0,	0,	0,	0,	0,	0,	0,	22
Ranger,	0,	8,	3,	0,	2,	34,	0,	0,	0,	2,	7,	0,	0,	0,	0,	0,	0,	0,	0,	2,	0,	0,	0,	0,	0,	0,	0,	0,	0,	0,	0,	0,	58
Rat,	0,	0,	6,	86,	0,	0,	0,	5,	3,	0,	0,	2,	0,	0,	0,	0,	0,	0,	0,	0,	0,	0,	0,	0,	0,	0,	0,	0,	0,	0,	0,	0,	102
Rebel,	0,	43,	2,	6,	3,	2,	0,	0,	0,	0,	0,	0,	0,	0,	2,	0,	0,	0,	0,	0,	0,	0,	0,	0,	0,	0,	0,	0,	0,	0,	0,	0,	58
Rhino,	2,	14,	0,	0,	0,	27,	0,	0,	0,	3,	3,	0,	0,	0,	0,	0,	0,	0,	0,	0,	4,	2,	0,	0,	0,	0,	0,	0,	0,	0,	0,	0,	55
Rigger,	0,	2,	3,	3,	5,	2,	0,	0,	0,	0,	0,	0,	0,	0,	0,	0,	0,	0,	0,	0,	0,	0,	0,	0,	0,	0,	0,	0,	0,	0,	0,	0,	15
Robot,	8,	14,	8,	2,	9,	0,	3,	0,	0,	0,	0,	0,	0,	0,	0,	0,	0,	0,	0,	0,	0,	0,	2,	0,	0,	0,	0,	0,	0,	0,	0,	0,	46
Rogue,	0,	12,	143,	162,	89,	26,	3,	35,	11,	0,	0,	8,	9,	2,	0,	8,	6,	7,	2,	3,	2,	0,	0,	3,	0,	0,	0,	0,	0,	0,	0,	0,	531
Room,	0,	0,	0,	0,	0,	0,	0,	0,	0,	0,	0,	0,	0,	0,	0,	0,	0,	0,	0,	0,	0,	0,	0,	0,	0,	0,	0,	0,	0,	0,	0,	0,	0
Saga,	0,	0,	0,	0,	0,	0,	0,	0,	0,	0,	0,	0,	0,	0,	0,	0,	0,	0,	0,	0,	0,	0,	0,	0,	0,	0,	0,	0,	0,	0,	0,	0,	0
Salamander,	2,	0,	8,	2,	4,	0,	0,	0,	0,	0,	0,	0,	0,	0,	0,	0,	0,	0,	0,	0,	0,	0,	0,	0,	0,	0,	0,	0,	0,	0,	0,	0,	16
Samurai,	0,	31,	0,	10,	19,	5,	0,	0,	0,	0,	0,	0,	0,	0,	5,	0,	0,	0,	0,	0,	0,	0,	0,	0,	0,	0,	0,	0,	0,	0,	0,	0,	70
Saproling,	0,	0,	0,	0,	0,	0,	0,	0,	0,	0,	0,	0,	0,	0,	0,	0,	0,	0,	0,	0,	0,	0,	0,	0,	0,	0,	0,	0,	0,	0,	0,	0,	0
Satyr,	0,	0,	0,	2,	13,	18,	0,	0,	0,	0,	0,	0,	0,	0,	0,	0,	0,	0,	0,	0,	0,	0,	0,	0,	0,	0,	0,	0,	0,	0,	0,	0,	33
Scarecrow,	40,	0,	0,	3,	0,	0,	0,	0,	0,	0,	0,	0,	0,	2,	0,	0,	0,	0,	0,	0,	0,	0,	0,	0,	0,	0,	0,	0,	0,	0,	0,	0,	45
Scientist,	0,	3,	3,	0,	0,	0,	0,	0,	0,	0,	0,	0,	2,	0,	0,	0,	0,	2,	0,	0,	2,	0,	2,	0,	0,	0,	0,	0,	0,	0,	0,	0,	14
Scorpion,	0,	0,	0,	10,	0,	3,	0,	0,	0,	0,	0,	0,	0,	0,	0,	0,	0,	0,	0,	0,	0,	0,	0,	0,	0,	0,	0,	0,	0,	0,	0,	0,	13
Scout,	2,	57,	33,	8,	23,	93,	9,	0,	0,	4,	11,	2,	0,	0,	0,	12,	0,	0,	0,	0,	0,	0,	0,	0,	0,	0,	0,	0,	0,	0,	0,	0,	254
Serpent,	0,	0,	41,	0,	2,	0,	0,	2,	0,	0,	0,	0,	0,	0,	0,	5,	0,	0,	0,	0,	0,	0,	0,	0,	0,	0,	0,	0,	0,	0,	0,	0,	50
Shade,	0,	0,	0,	32,	0,	0,	0,	0,	0,	0,	0,	0,	0,	0,	0,	0,	0,	0,	0,	0,	0,	0,	0,	0,	0,	0,	0,	0,	0,	0,	0,	0,	32
Shaman,	3,	0,	8,	64,	187,	123,	0,	0,	21,	21,	7,	0,	11,	18,	2,	7,	0,	0,	3,	7,	0,	3,	0,	4,	0,	0,	0,	0,	0,	0,	0,	0,	489
Shapeshifter,	20,	8,	60,	10,	5,	11,	0,	9,	0,	-1,	0,	0,	5,	0,	0,	5,	2,	0,	0,	0,	0,	0,	0,	0,	0,	0,	0,	0,	0,	0,	0,	0,	134
Shark,	0,	0,	10,	0,	2,	0,	0,	0,	0,	0,	-1,	0,	0,	0,	0,	3,	-1,	0,	0,	0,	0,	0,	0,	0,	0,	0,	0,	0,	0,	0,	0,	0,	13
Shrine,	0,	0,	0,	0,	0,	2,	0,	0,	0,	0,	0,	0,	0,	0,	0,	0,	0,	0,	0,	0,	0,	0,	0,	0,	0,	0,	0,	0,	0,	0,	0,	0,	2
Siren,	0,	0,	20,	0,	0,	0,	0,	2,	0,	0,	0,	0,	0,	0,	0,	0,	0,	0,	0,	0,	0,	0,	0,	0,	0,	0,	0,	0,	0,	0,	0,	0,	22
Skeleton,	0,	0,	2,	0,	2,	0,	0,	5,	0,	0,	0,	0,	0,	4,	0,	0,	0,	0,	0,	0,	0,	0,	0,	0,	0,	0,	0,	0,	0,	0,	0,	0,	13
Sliver,	4,	22,	15,	15,	21,	18,	2,	2,	2,	2,	2,	0,	2,	0,	3,	0,	0,	0,	0,	0,	0,	0,	0,	0,	0,	0,	0,	0,	0,	0,	0,	6,	116
Slug,	0,	0,	0,	6,	2,	2,	0,	0,	0,	0,	0,	0,	0,	0,	0,	0,	0,	0,	0,	0,	0,	0,	0,	0,	0,	0,	0,	0,	0,	0,	0,	0,	10
Snake,	7,	0,	26,	29,	2,	90,	0,	0,	0,	2,	0,	0,	0,	2,	0,	11,	0,	0,	0,	0,	0,	0,	0,	5,	0,	0,	0,	0,	0,	0,	0,	0,	174
Soldier,	13,	557,	83,	55,	77,	35,	19,	5,	7,	2,	22,	11,	0,	2,	58,	0,	0,	0,	0,	3,	8,	2,	0,	0,	3,	0,	0,	0,	0,	2,	0,	0,	964
Soltari,	0,	9,	0,	0,	0,	0,	0,	0,	0,	0,	0,	0,	0,	0,	0,	0,	0,	0,	0,	0,	0,	0,	0,	0,	0,	0,	0,	0,	0,	0,	0,	0,	9
Specter,	0,	0,	0,	21,	0,	0,	0,	4,	0,	0,	0,	0,	0,	0,	0,	0,	0,	0,	0,	0,	0,	0,	0,	0,	0,	0,	0,	0,	0,	0,	0,	0,	25
Spellshaper,	2,	10,	11,	11,	12,	11,	0,	0,	0,	0,	0,	0,	0,	0,	0,	0,	0,	0,	0,	0,	0,	0,	0,	0,	0,	0,	0,	0,	0,	0,	0,	0,	57
Sphinx,	3,	0,	57,	0,	0,	0,	9,	0,	0,	0,	0,	0,	0,	0,	0,	0,	9,	0,	0,	0,	0,	0,	0,	0,	0,	0,	0,	0,	0,	0,	0,	0,	78
Spider,	4,	0,	0,	4,	0,	65,	0,	0,	0,	2,	2,	0,	0,	7,	0,	0,	0,	0,	0,	0,	0,	0,	0,	0,	0,	0,	0,	0,	0,	0,	0,	0,	84
Spike,	0,	0,	0,	0,	0,	0,	0,	0,	0,	0,	0,	0,	0,	0,	0,	0,	0,	0,	0,	0,	0,	0,	0,	0,	0,	0,	0,	0,	0,	0,	0,	0,	0
Spirit,	13,	170,	135,	131,	58,	91,	23,	6,	2,	2,	3,	12,	3,	3,	7,	2,	0,	0,	0,	2,	0,	3,	4,	2,	2,	3,	0,	0,	0,	0,	0,	0,	677
Spy,	0,	0,	6,	6,	0,	0,	0,	2,	0,	0,	0,	0,	0,	0,	0,	0,	0,	0,	0,	0,	0,	0,	0,	0,	0,	0,	0,	0,	0,	0,	0,	0,	14
Squid,	0,	0,	7,	0,	0,	0,	0,	0,	0,	0,	0,	0,	0,	0,	0,	0,	0,	0,	0,	0,	0,	0,	0,	0,	0,	0,	0,	0,	0,	0,	0,	0,	7
Squirrel,	0,	2,	0,	9,	0,	17,	0,	0,	0,	0,	0,	0,	0,	6,	0,	0,	0,	0,	0,	0,	0,	0,	0,	0,	0,	0,	0,	0,	0,	0,	0,	0,	34
Survivor,	0,	5,	0,	0,	0,	5,	0,	0,	0,	0,	2,	0,	0,	0,	0,	0,	0,	0,	0,	0,	0,	0,	0,	0,	0,	0,	0,	0,	0,	0,	0,	0,	12
Thalakos,	0,	0,	7,	0,	0,	0,	0,	0,	0,	0,	0,	0,	0,	0,	0,	0,	0,	0,	0,	0,	0,	0,	0,	0,	0,	0,	0,	0,	0,	0,	0,	0,	7
Thopter,	17,	0,	0,	0,	0,	0,	2,	0,	0,	0,	0,	0,	0,	0,	0,	0,	0,	0,	0,	0,	0,	0,	0,	0,	0,	0,	0,	0,	0,	0,	0,	0,	19
Thrull,	0,	3,	0,	16,	0,	0,	0,	0,	0,	0,	0,	5,	0,	0,	0,	0,	0,	0,	0,	0,	0,	0,	0,	0,	0,	0,	0,	0,	0,	0,	0,	0,	24
Tiefling,	0,	0,	2,	6,	5,	0,	0,	0,	0,	0,	0,	0,	0,	0,	0,	0,	0,	0,	0,	0,	0,	0,	0,	0,	0,	0,	0,	0,	0,	0,	0,	0,	13
Time,	0,	0,	0,	0,	0,	0,	6,	3,	2,	0,	0,	0,	4,	0,	2,	4,	0,	3,	0,	0,	0,	0,	0,	0,	0,	0,	0,	0,	0,	0,	0,	0,	24
Toy,	4,	3,	0,	2,	3,	0,	0,	0,	0,	0,	0,	0,	0,	0,	0,	0,	0,	0,	0,	0,	0,	0,	0,	0,	0,	0,	0,	0,	0,	0,	0,	0,	12
Treefolk,	0,	3,	0,	5,	0,	82,	0,	0,	0,	0,	4,	0,	0,	8,	0,	0,	0,	0,	0,	0,	0,	2,	0,	0,	0,	0,	0,	0,	0,	0,	0,	0,	104
Troll,	0,	0,	0,	4,	5,	32,	0,	0,	0,	2,	0,	0,	0,	11,	0,	0,	0,	0,	0,	0,	0,	0,	0,	0,	0,	0,	0,	0,	0,	0,	0,	0,	54
Turtle,	0,	0,	21,	2,	0,	12,	0,	0,	0,	0,	0,	0,	0,	0,	0,	5,	0,	0,	0,	0,	0,	0,	0,	0,	0,	0,	0,	0,	0,	0,	0,	0,	40
Tyranid,	0,	0,	2,	0,	4,	16,	0,	0,	0,	3,	0,	0,	3,	0,	0,	7,	0,	0,	0,	0,	0,	0,	0,	0,	0,	2,	0,	0,	0,	0,	0,	0,	37
Unicorn,	0,	24,	0,	0,	0,	2,	0,	0,	0,	0,	4,	0,	0,	0,	0,	0,	0,	0,	0,	0,	0,	0,	0,	0,	0,	0,	0,	0,	0,	0,	0,	0,	30
Vampire,	0,	28,	0,	263,	51,	0,	0,	15,	16,	0,	0,	34,	0,	0,	2,	0,	0,	13,	0,	0,	0,	0,	0,	0,	4,	0,	0,	0,	0,	0,	0,	0,	426
Vedalken,	0,	0,	57,	0,	0,	0,	5,	2,	0,	0,	0,	0,	3,	0,	0,	5,	2,	0,	0,	0,	0,	0,	0,	0,	0,	0,	0,	0,	0,	0,	0,	0,	74
Wall,	27,	32,	35,	18,	21,	0,	0,	0,	0,	0,	0,	0,	0,	0,	0,	0,	0,	0,	0,	0,	0,	0,	0,	0,	0,	0,	0,	0,	0,	0,	0,	0,	133
Warlock,	0,	5,	5,	79,	9,	5,	0,	3,	5,	0,	2,	11,	2,	11,	0,	0,	2,	2,	0,	0,	0,	0,	0,	0,	0,	0,	0,	0,	0,	0,	0,	0,	141
Warrior,	7,	122,	31,	141,	362,	248,	7,	5,	28,	50,	17,	9,	0,	15,	17,	3,	2,	5,	10,	-1,	2,	3,	0,	2,	7,	7,	0,	0,	0,	0,	0,	0,	1099
Weird,	0,	0,	6,	0,	2,	0,	0,	0,	0,	0,	0,	0,	9,	0,	0,	0,	0,	0,	0,	0,	0,	0,	0,	0,	0,	0,	0,	0,	0,	0,	0,	0,	17
Werewolf,	8,	0,	0,	9,	59,	63,	0,	0,	0,	10,	0,	0,	0,	0,	0,	0,	0,	0,	0,	0,	0,	0,	0,	0,	0,	0,	0,	0,	0,	0,	0,	0,	149
Whale,	0,	0,	15,	0,	0,	0,	0,	0,	0,	0,	0,	0,	0,	0,	0,	0,	0,	0,	0,	0,	0,	0,	0,	0,	0,	0,	0,	0,	0,	0,	0,	0,	15
Wizard,	7,	79,	541,	114,	97,	28,	43,	43,	6,	0,	3,	8,	50,	2,	6,	36,	16,	9,	0,	0,	3,	0,	7,	4,	0,	3,	0,	0,	0,	0,	0,	3,	1108
Wolf,	0,	0,	0,	3,	20,	55,	0,	0,	0,	2,	0,	0,	0,	0,	0,	0,	0,	0,	0,	0,	0,	0,	0,	0,	0,	0,	0,	0,	0,	0,	0,	0,	80
Wolverine,	0,	0,	0,	0,	7,	4,	0,	0,	0,	0,	0,	0,	0,	0,	0,	0,	0,	0,	0,	0,	0,	0,	0,	0,	0,	0,	0,	0,	0,	0,	0,	0,	11
Worm,	0,	0,	2,	6,	0,	3,	0,	0,	0,	0,	0,	0,	0,	0,	0,	0,	0,	0,	0,	0,	0,	0,	0,	0,	0,	0,	0,	0,	0,	0,	0,	0,	11
Wraith,	0,	0,	0,	9,	0,	0,	0,	0,	0,	0,	0,	0,	0,	0,	0,	0,	0,	0,	0,	0,	0,	0,	0,	0,	0,	0,	0,	0,	0,	0,	0,	0,	9
Wurm,	5,	2,	3,	9,	4,	75,	0,	0,	0,	7,	5,	0,	0,	0,	0,	0,	0,	0,	0,	0,	0,	0,	0,	0,	0,	0,	0,	0,	0,	0,	0,	0,	110
Yeti,	0,	0,	3,	0,	8,	4,	0,	0,	0,	0,	0,	0,	0,	0,	0,	0,	0,	0,	0,	0,	0,	0,	0,	0,	0,	0,	0,	0,	0,	0,	0,	0,	15
Zombie,	6,	12,	59,	424,	11,	6,	0,	28,	15,	0,	0,	11,	2,	30,	0,	0,	3,	7,	0,	0,	0,	0,	0,	4,	0,	0,	0,	0,	0,	0,	0,	0,	618

Sorted:
Type,	Total
,	,	W,	U,	B,	R,	G,	WU,	UB,	BR,	RG,	GW,	WB,	UR,	BG,	RW,	GU,	WUB,	UBR,	BRG,	RGW,	GWU,	WBG,	URW,	BGU,	RWB,	GUR,	WUBR,	UBRG,	BRGW,	RGWU,	GWUB,	WUBRG
Human,	3788,	5,	1113,	556,	473,	543,	385,	84,	68,	48,	48,	63,	62,	47,	21,	97,	31,	19,	16,	7,	17,	20,	10,	17,	5,	14,	12,	0,	0,	0,	3,	0,	4
Wizard,	1108,	7,	79,	541,	114,	97,	28,	43,	43,	6,	0,	3,	8,	50,	2,	6,	36,	16,	9,	0,	0,	3,	0,	7,	4,	0,	3,	0,	0,	0,	0,	0,	3
Warrior,	1099,	7,	122,	31,	141,	362,	248,	7,	5,	28,	50,	17,	9,	0,	15,	17,	3,	2,	5,	10,	-1,	2,	3,	0,	2,	7,	7,	0,	0,	0,	0,	0,	0
Soldier,	964,	13,	557,	83,	55,	77,	35,	19,	5,	7,	2,	22,	11,	0,	2,	58,	0,	0,	0,	0,	3,	8,	2,	0,	0,	3,	0,	0,	0,	0,	2,	0,	0
Spirit,	677,	13,	170,	135,	131,	58,	91,	23,	6,	2,	2,	3,	12,	3,	3,	7,	2,	0,	0,	0,	2,	0,	3,	4,	2,	2,	3,	0,	0,	0,	0,	0,	0
Zombie,	618,	6,	12,	59,	424,	11,	6,	0,	28,	15,	0,	0,	11,	2,	30,	0,	0,	3,	7,	0,	0,	0,	0,	0,	4,	0,	0,	0,	0,	0,	0,	0,	0
Cleric,	609,	4,	364,	19,	111,	8,	23,	6,	3,	3,	2,	16,	31,	0,	3,	10,	0,	2,	0,	0,	0,	2,	0,	0,	0,	2,	0,	0,	0,	0,	0,	0,	0
Elemental,	592,	8,	27,	102,	34,	196,	131,	4,	2,	16,	15,	12,	3,	8,	8,	7,	5,	0,	0,	0,	0,	0,	0,	2,	3,	0,	6,	0,	0,	0,	0,	0,	3
Elf,	571,	2,	16,	9,	0,	3,	399,	0,	3,	2,	14,	40,	3,	0,	35,	0,	30,	0,	0,	0,	13,	2,	0,	0,	0,	0,	0,	0,	0,	0,	0,	0,	0
Rogue,	531,	0,	12,	143,	162,	89,	26,	3,	35,	11,	0,	0,	8,	9,	2,	0,	8,	6,	7,	2,	3,	2,	0,	0,	3,	0,	0,	0,	0,	0,	0,	0,	0
Beast,	517,	16,	29,	47,	38,	87,	226,	0,	0,	5,	12,	11,	0,	3,	8,	4,	14,	0,	0,	0,	8,	0,	2,	0,	3,	0,	4,	0,	0,	0,	0,	0,	0
Goblin,	498,	4,	0,	0,	36,	398,	9,	0,	0,	11,	20,	0,	0,	10,	0,	5,	0,	0,	0,	3,	0,	0,	0,	0,	0,	2,	0,	0,	0,	0,	0,	0,	0
Shaman,	489,	3,	0,	8,	64,	187,	123,	0,	0,	21,	21,	7,	0,	11,	18,	2,	7,	0,	0,	3,	7,	0,	3,	0,	4,	0,	0,	0,	0,	0,	0,	0,	0
Knight,	485,	4,	219,	22,	71,	51,	17,	16,	2,	6,	2,	25,	20,	0,	2,	18,	0,	3,	0,	0,	0,	2,	0,	2,	0,	3,	0,	0,	0,	0,	0,	0,	0
Phyrexian,	454,	54,	56,	42,	153,	37,	58,	4,	7,	11,	4,	3,	9,	5,	0,	2,	5,	0,	0,	0,	0,	0,	2,	0,	0,	0,	0,	0,	0,	0,	0,	2,	0
Vampire,	426,	0,	28,	0,	263,	51,	0,	0,	15,	16,	0,	0,	34,	0,	0,	2,	0,	0,	13,	0,	0,	0,	0,	0,	0,	4,	0,	0,	0,	0,	0,	0,	0
Dragon,	413,	24,	25,	37,	24,	164,	27,	4,	5,	10,	11,	4,	0,	13,	2,	2,	2,	3,	3,	14,	4,	4,	4,	5,	4,	5,	5,	0,	0,	0,	0,	0,	8
Bird,	392,	13,	148,	139,	31,	14,	12,	22,	5,	0,	0,	0,	3,	2,	0,	0,	6,	0,	0,	0,	0,	-1,	0,	-1,	0,	0,	0,	0,	0,	0,	0,	0,	-1
Druid,	343,	0,	7,	0,	5,	4,	268,	0,	0,	0,	9,	13,	0,	0,	10,	0,	16,	0,	0,	0,	9,	2,	0,	0,	0,	0,	0,	0,	0,	0,	0,	0,	0
Horror,	326,	14,	10,	46,	170,	11,	27,	0,	11,	9,	0,	0,	0,	6,	13,	0,	2,	2,	3,	0,	0,	0,	0,	0,	2,	0,	0,	0,	0,	0,	0,	0,	0
Cat,	313,	9,	131,	7,	15,	28,	67,	6,	0,	0,	6,	21,	4,	0,	2,	3,	0,	0,	0,	2,	7,	3,	0,	2,	0,	0,	0,	0,	0,	0,	0,	0,	0
Merfolk,	297,	0,	5,	214,	3,	0,	27,	6,	11,	0,	0,	0,	0,	4,	0,	0,	27,	0,	0,	0,	0,	0,	0,	0,	0,	0,	0,	0,	0,	0,	0,	0,	0
Angel,	262,	8,	193,	0,	10,	4,	0,	10,	0,	0,	0,	5,	10,	0,	0,	13,	0,	0,	0,	0,	2,	3,	0,	2,	0,	0,	0,	0,	0,	0,	0,	2,	0
Scout,	254,	2,	57,	33,	8,	23,	93,	9,	0,	0,	4,	11,	2,	0,	0,	0,	12,	0,	0,	0,	0,	0,	0,	0,	0,	0,	0,	0,	0,	0,	0,	0,	0
Insect,	240,	32,	5,	8,	64,	21,	92,	0,	3,	2,	0,	0,	0,	0,	8,	0,	0,	0,	0,	3,	0,	0,	2,	0,	0,	0,	0,	0,	0,	0,	0,	0,	0
Artificer,	239,	2,	45,	55,	14,	52,	19,	6,	3,	5,	2,	2,	0,	13,	0,	7,	2,	2,	3,	0,	0,	2,	0,	2,	0,	0,	3,	0,	0,	0,	0,	0,	0
Giant,	218,	0,	38,	18,	22,	86,	29,	0,	0,	3,	9,	0,	2,	2,	0,	7,	2,	0,	0,	0,	0,	0,	0,	0,	0,	0,	0,	0,	0,	0,	0,	0,	0
Construct,	216,	199,	0,	5,	4,	5,	0,	0,	0,	3,	0,	0,	0,	0,	0,	0,	0,	0,	0,	0,	0,	0,	0,	0,	0,	0,	0,	0,	0,	0,	0,	0,	0
Demon,	204,	0,	0,	2,	149,	14,	0,	0,	4,	22,	0,	0,	2,	3,	4,	0,	0,	0,	5,	0,	0,	0,	0,	0,	0,	-1,	0,	0,	0,	0,	0,	0,	0
Eldrazi,	189,	90,	3,	26,	22,	15,	19,	0,	4,	3,	2,	0,	0,	0,	2,	0,	3,	0,	0,	0,	0,	0,	0,	0,	0,	0,	0,	0,	0,	0,	0,	0,	0
Dinosaur,	188,	-1,	25,	-1,	6,	51,	76,	0,	0,	0,	11,	4,	0,	0,	2,	6,	2,	0,	0,	0,	3,	0,	0,	2,	0,	0,	2,	0,	0,	0,	0,	0,	0
Snake,	174,	7,	0,	26,	29,	2,	90,	0,	0,	0,	2,	0,	0,	0,	2,	0,	11,	0,	0,	0,	0,	0,	0,	0,	5,	0,	0,	0,	0,	0,	0,	0,	0
Pirate,	169,	0,	0,	66,	26,	50,	0,	0,	7,	3,	0,	0,	0,	13,	0,	0,	0,	0,	4,	0,	0,	0,	0,	0,	0,	0,	0,	0,	0,	0,	0,	0,	0
Golem,	156,	143,	5,	0,	2,	3,	3,	0,	0,	0,	0,	0,	0,	0,	0,	0,	0,	0,	0,	0,	0,	0,	0,	0,	0,	0,	0,	0,	0,	0,	0,	0,	0
Werewolf,	149,	8,	0,	0,	9,	59,	63,	0,	0,	0,	10,	0,	0,	0,	0,	0,	0,	0,	0,	0,	0,	0,	0,	0,	0,	0,	0,	0,	0,	0,	0,	0,	0
Noble,	142,	0,	21,	14,	30,	7,	14,	6,	4,	8,	0,	6,	7,	0,	2,	5,	9,	0,	4,	2,	0,	0,	0,	0,	0,	0,	3,	0,	0,	0,	0,	0,	0
Warlock,	141,	0,	5,	5,	79,	9,	5,	0,	3,	5,	0,	2,	11,	2,	11,	0,	0,	2,	2,	0,	0,	0,	0,	0,	0,	0,	0,	0,	0,	0,	0,	0,	0
Lizard,	140,	3,	0,	4,	10,	90,	-1,	0,	0,	7,	4,	0,	0,	4,	4,	2,	6,	0,	0,	7,	0,	0,	0,	0,	0,	0,	0,	0,	0,	0,	0,	0,	0
Dog,	138,	11,	36,	5,	16,	33,	29,	0,	0,	3,	0,	2,	0,	0,	0,	0,	0,	0,	0,	0,	3,	0,	0,	0,	0,	0,	0,	0,	0,	0,	0,	0,	0
Shapeshifter,	134,	20,	8,	60,	10,	5,	11,	0,	9,	0,	-1,	0,	0,	5,	0,	0,	5,	2,	0,	0,	0,	0,	0,	0,	0,	0,	0,	0,	0,	0,	0,	0,	0
Wall,	133,	27,	32,	35,	18,	21,	0,	0,	0,	0,	0,	0,	0,	0,	0,	0,	0,	0,	0,	0,	0,	0,	0,	0,	0,	0,	0,	0,	0,	0,	0,	0,	0
Monk,	132,	2,	49,	21,	0,	16,	26,	4,	0,	0,	0,	2,	0,	2,	0,	0,	0,	0,	0,	0,	0,	0,	0,	10,	0,	0,	0,	0,	0,	0,	0,	0,	0
Ogre,	131,	0,	2,	0,	34,	74,	4,	0,	0,	9,	4,	0,	0,	0,	0,	0,	0,	0,	4,	0,	0,	0,	0,	0,	0,	0,	0,	0,	0,	0,	0,	0,	0
Assassin,	130,	0,	0,	4,	78,	6,	2,	0,	13,	5,	0,	0,	2,	2,	4,	6,	0,	0,	4,	0,	0,	0,	0,	0,	0,	4,	0,	0,	0,	0,	0,	0,	0
Berserker,	127,	0,	0,	0,	22,	82,	9,	0,	0,	6,	8,	0,	0,	0,	0,	0,	0,	0,	0,	0,	0,	0,	0,	0,	0,	0,	0,	0,	0,	0,	0,	0,	0
Advisor,	124,	0,	33,	30,	8,	6,	10,	9,	4,	0,	2,	2,	13,	0,	0,	2,	3,	0,	0,	0,	0,	0,	0,	2,	0,	0,	0,	0,	0,	0,	0,	0,	0
Dwarf,	123,	0,	44,	0,	4,	60,	3,	0,	0,	0,	0,	0,	0,	0,	0,	12,	0,	0,	0,	0,	0,	0,	0,	0,	0,	0,	0,	0,	0,	0,	0,	0,	0
Adventure,	121,	0,	23,	28,	19,	22,	29,	0,	0,	0,	0,	0,	0,	0,	0,	0,	0,	0,	0,	0,	0,	0,	0,	0,	0,	0,	0,	0,	0,	0,	0,	0,	0
Sliver,	116,	4,	22,	15,	15,	21,	18,	2,	2,	2,	2,	2,	0,	2,	0,	3,	0,	0,	0,	0,	0,	0,	0,	0,	0,	0,	0,	0,	0,	0,	0,	0,	6
Wurm,	110,	5,	2,	3,	9,	4,	75,	0,	0,	0,	7,	5,	0,	0,	0,	0,	0,	0,	0,	0,	0,	0,	0,	0,	0,	0,	0,	0,	0,	0,	0,	0,	0
Minotaur,	109,	0,	0,	0,	14,	77,	0,	0,	0,	6,	3,	0,	0,	2,	0,	7,	0,	0,	0,	0,	0,	0,	0,	0,	0,	0,	0,	0,	0,	0,	0,	0,	0
Avatar,	108,	3,	18,	13,	16,	9,	18,	0,	2,	6,	2,	2,	0,	2,	2,	0,	3,	0,	3,	0,	0,	0,	0,	0,	0,	0,	0,	0,	0,	0,	0,	0,	9
Drake,	105,	2,	0,	76,	6,	6,	3,	4,	2,	0,	0,	0,	0,	4,	0,	0,	2,	0,	0,	0,	0,	0,	0,	0,	0,	0,	0,	0,	0,	0,	0,	0,	0
Archer,	104,	0,	17,	2,	6,	13,	53,	0,	0,	2,	3,	8,	0,	0,	0,	0,	0,	0,	0,	0,	0,	0,	0,	0,	0,	0,	0,	0,	0,	0,	0,	0,	0
Treefolk,	104,	0,	3,	0,	5,	0,	82,	0,	0,	0,	0,	4,	0,	0,	8,	0,	0,	0,	0,	0,	0,	0,	2,	0,	0,	0,	0,	0,	0,	0,	0,	0,	0
Orc,	103,	0,	6,	3,	28,	48,	0,	0,	0,	7,	-1,	0,	-1,	6,	0,	0,	0,	0,	0,	0,	0,	0,	0,	2,	0,	5,	0,	0,	0,	0,	0,	0,	0
Rat,	102,	0,	0,	6,	86,	0,	0,	0,	5,	3,	0,	0,	2,	0,	0,	0,	0,	0,	0,	0,	0,	0,	0,	0,	0,	0,	0,	0,	0,	0,	0,	0,	0
Illusion,	96,	0,	2,	89,	3,	0,	0,	0,	2,	0,	0,	0,	0,	0,	0,	0,	0,	0,	0,	0,	0,	0,	0,	0,	0,	0,	0,	0,	0,	0,	0,	0,	0
Ally,	91,	0,	27,	8,	16,	16,	13,	0,	0,	0,	0,	3,	2,	0,	0,	6,	0,	0,	0,	0,	0,	0,	0,	0,	0,	0,	0,	0,	0,	0,	0,	0,	0
Nightmare,	88,	0,	5,	18,	36,	8,	0,	0,	6,	3,	0,	0,	2,	0,	4,	0,	0,	0,	0,	0,	0,	0,	3,	0,	3,	0,	0,	0,	0,	0,	0,	0,	0
Spider,	84,	4,	0,	0,	4,	0,	65,	0,	0,	0,	2,	2,	0,	0,	7,	0,	0,	0,	0,	0,	0,	0,	0,	0,	0,	0,	0,	0,	0,	0,	0,	0,	0
Kor,	83,	0,	71,	2,	0,	0,	0,	0,	0,	0,	0,	0,	4,	0,	0,	6,	0,	0,	0,	0,	0,	0,	0,	0,	0,	0,	0,	0,	0,	0,	0,	0,	0
Elephant,	82,	3,	34,	0,	0,	2,	36,	0,	0,	0,	0,	5,	0,	0,	0,	2,	0,	0,	0,	0,	0,	0,	0,	0,	0,	0,	0,	0,	0,	0,	0,	0,	0
Wolf,	80,	0,	0,	0,	3,	20,	55,	0,	0,	0,	2,	0,	0,	0,	0,	0,	0,	0,	0,	0,	0,	0,	0,	0,	0,	0,	0,	0,	0,	0,	0,	0,	0
Faerie,	79,	0,	11,	0,	26,	2,	13,	3,	15,	0,	0,	0,	0,	2,	0,	0,	4,	0,	0,	0,	0,	3,	0,	0,	0,	0,	0,	0,	0,	0,	0,	0,	0
Sphinx,	78,	3,	0,	57,	0,	0,	0,	9,	0,	0,	0,	0,	0,	0,	0,	0,	0,	9,	0,	0,	0,	0,	0,	0,	0,	0,	0,	0,	0,	0,	0,	0,	0
Plant,	77,	0,	0,	2,	2,	0,	62,	0,	0,	0,	0,	0,	0,	0,	8,	0,	3,	0,	0,	0,	0,	0,	0,	0,	0,	0,	0,	0,	0,	0,	0,	0,	0
Centaur,	75,	0,	6,	0,	2,	0,	53,	0,	0,	0,	6,	8,	0,	0,	0,	0,	0,	0,	0,	0,	0,	0,	0,	0,	0,	0,	0,	0,	0,	0,	0,	0,	0
Vedalken,	74,	0,	0,	57,	0,	0,	0,	5,	2,	0,	0,	0,	0,	3,	0,	0,	5,	2,	0,	0,	0,	0,	0,	0,	0,	0,	0,	0,	0,	0,	0,	0,	0
Detective,	73,	0,	11,	19,	6,	3,	8,	6,	6,	0,	0,	0,	0,	3,	0,	3,	6,	0,	0,	0,	0,	2,	0,	0,	0,	0,	0,	0,	0,	0,	0,	0,	0
Mercenary,	70,	0,	7,	2,	36,	13,	3,	0,	0,	7,	2,	0,	0,	0,	0,	0,	0,	0,	0,	0,	0,	0,	0,	0,	0,	0,	0,	0,	0,	0,	0,	0,	0
Samurai,	70,	0,	31,	0,	10,	19,	5,	0,	0,	0,	0,	0,	0,	0,	0,	5,	0,	0,	0,	0,	0,	0,	0,	0,	0,	0,	0,	0,	0,	0,	0,	0,	0
Drone,	68,	5,	0,	21,	13,	10,	13,	0,	2,	2,	0,	0,	0,	0,	2,	0,	0,	0,	0,	0,	0,	0,	0,	0,	0,	0,	0,	0,	0,	0,	0,	0,	0
Mutant,	68,	0,	0,	17,	0,	0,	28,	0,	2,	0,	0,	0,	0,	3,	3,	0,	12,	0,	0,	0,	0,	0,	0,	0,	3,	0,	0,	0,	0,	0,	0,	0,	0
Frog,	66,	5,	0,	14,	10,	0,	22,	0,	0,	0,	0,	0,	0,	0,	5,	0,	10,	0,	0,	0,	0,	0,	0,	0,	0,	0,	0,	0,	0,	0,	0,	0,	0
Fungus,	66,	0,	0,	0,	13,	0,	43,	0,	0,	0,	0,	0,	0,	0,	8,	0,	0,	0,	0,	0,	0,	0,	0,	0,	2,	0,	0,	0,	0,	0,	0,	0,	0
Citizen,	63,	0,	16,	3,	6,	10,	16,	0,	0,	0,	0,	6,	0,	0,	0,	2,	0,	0,	0,	0,	0,	4,	0,	0,	0,	0,	0,	0,	0,	0,	0,	0,	0
Hydra,	63,	0,	0,	0,	0,	6,	48,	0,	0,	0,	3,	2,	0,	0,	2,	0,	4,	0,	0,	-1,	0,	-1,	0,	0,	0,	0,	0,	0,	0,	0,	0,	0,	0
Kithkin,	61,	0,	49,	2,	0,	0,	2,	8,	0,	0,	0,	0,	0,	0,	0,	0,	0,	0,	0,	0,	0,	0,	0,	0,	0,	0,	0,	0,	0,	0,	0,	0,	0
Djinn,	60,	0,	0,	37,	5,	7,	3,	0,	0,	0,	0,	0,	0,	4,	0,	0,	0,	0,	0,	0,	0,	0,	0,	4,	0,	0,	0,	0,	0,	0,	0,	0,	0
Devil,	59,	0,	0,	0,	4,	43,	0,	0,	0,	10,	0,	0,	0,	0,	0,	0,	0,	0,	0,	2,	0,	0,	0,	0,	0,	0,	0,	0,	0,	0,	0,	0,	0
Ranger,	58,	0,	8,	3,	0,	2,	34,	0,	0,	0,	2,	7,	0,	0,	0,	0,	0,	0,	0,	0,	2,	0,	0,	0,	0,	0,	0,	0,	0,	0,	0,	0,	0
Rebel,	58,	0,	43,	2,	6,	3,	2,	0,	0,	0,	0,	0,	0,	0,	0,	2,	0,	0,	0,	0,	0,	0,	0,	0,	0,	0,	0,	0,	0,	0,	0,	0,	0
Spellshaper,	57,	2,	10,	11,	11,	12,	11,	0,	0,	0,	0,	0,	0,	0,	0,	0,	0,	0,	0,	0,	0,	0,	0,	0,	0,	0,	0,	0,	0,	0,	0,	0,	0
God,	56,	-1,	0,	8,	9,	9,	8,	3,	3,	2,	3,	0,	3,	2,	0,	2,	3,	0,	0,	0,	0,	0,	0,	0,	0,	0,	0,	0,	0,	0,	0,	0,	2
Rhino,	55,	2,	14,	0,	0,	0,	27,	0,	0,	0,	3,	3,	0,	0,	0,	0,	0,	0,	0,	0,	0,	4,	2,	0,	0,	0,	0,	0,	0,	0,	0,	0,	0
Troll,	54,	0,	0,	0,	4,	5,	32,	0,	0,	0,	2,	0,	0,	0,	11,	0,	0,	0,	0,	0,	0,	0,	0,	0,	0,	0,	0,	0,	0,	0,	0,	0,	0
Ninja,	53,	0,	0,	19,	20,	0,	5,	0,	9,	0,	0,	0,	0,	0,	0,	0,	0,	0,	0,	0,	0,	0,	0,	0,	0,	0,	0,	0,	0,	0,	0,	0,	0
Griffin,	51,	0,	45,	3,	0,	0,	0,	3,	0,	0,	0,	0,	0,	0,	0,	0,	0,	0,	0,	0,	0,	0,	0,	0,	0,	0,	0,	0,	0,	0,	0,	0,	0
Ooze,	51,	0,	0,	0,	8,	4,	29,	0,	0,	0,	0,	0,	0,	0,	3,	0,	4,	0,	0,	0,	0,	0,	0,	0,	3,	0,	0,	0,	0,	0,	0,	0,	0
Serpent,	50,	0,	0,	41,	0,	2,	0,	0,	2,	0,	0,	0,	0,	0,	0,	0,	5,	0,	0,	0,	0,	0,	0,	0,	0,	0,	0,	0,	0,	0,	0,	0,	0
Boar,	49,	3,	0,	0,	2,	14,	25,	0,	0,	0,	5,	0,	0,	0,	0,	0,	0,	0,	0,	0,	0,	0,	0,	0,	0,	0,	0,	0,	0,	0,	0,	0,	0
Dryad,	49,	0,	0,	0,	0,	0,	39,	0,	0,	0,	0,	8,	0,	0,	2,	0,	0,	0,	0,	0,	0,	0,	0,	0,	0,	0,	0,	0,	0,	0,	0,	0,	0
Fish,	47,	3,	0,	36,	2,	2,	0,	0,	0,	0,	0,	0,	0,	2,	0,	0,	2,	0,	0,	0,	0,	0,	0,	0,	0,	0,	0,	0,	0,	0,	0,	0,	0
Horse,	47,	6,	10,	7,	10,	6,	8,	0,	0,	0,	0,	0,	0,	0,	0,	0,	0,	0,	0,	0,	0,	0,	0,	0,	0,	0,	0,	0,	0,	0,	0,	0,	0
Robot,	46,	8,	14,	8,	2,	9,	0,	3,	0,	0,	0,	0,	0,	0,	0,	0,	0,	0,	0,	0,	0,	0,	0,	2,	0,	0,	0,	0,	0,	0,	0,	0,	0
Scarecrow,	45,	40,	0,	0,	3,	0,	0,	0,	0,	0,	0,	0,	0,	0,	2,	0,	0,	0,	0,	0,	0,	0,	0,	0,	0,	0,	0,	0,	0,	0,	0,	0,	0
Kavu,	44,	0,	0,	0,	0,	22,	16,	0,	0,	0,	6,	0,	0,	0,	0,	0,	0,	0,	0,	0,	0,	0,	0,	0,	0,	0,	0,	0,	0,	0,	0,	0,	0
Peasant,	44,	0,	18,	2,	5,	7,	8,	0,	0,	0,	0,	4,	0,	0,	0,	0,	0,	0,	0,	0,	0,	0,	0,	0,	0,	0,	0,	0,	0,	0,	0,	0,	0
Bat,	43,	0,	5,	0,	34,	0,	0,	0,	0,	0,	0,	0,	4,	0,	0,	0,	0,	0,	0,	0,	0,	0,	0,	0,	0,	0,	0,	0,	0,	0,	0,	0,	0
Fox,	43,	3,	38,	0,	0,	0,	2,	0,	0,	0,	0,	0,	0,	0,	0,	0,	0,	0,	0,	0,	0,	0,	0,	0,	0,	0,	0,	0,	0,	0,	0,	0,	0
Myr,	43,	41,	0,	2,	0,	0,	0,	0,	0,	0,	0,	0,	0,	0,	0,	0,	0,	0,	0,	0,	0,	0,	0,	0,	0,	0,	0,	0,	0,	0,	0,	0,	0
Barbarian,	42,	0,	0,	0,	2,	35,	2,	0,	0,	0,	3,	0,	0,	0,	0,	0,	0,	0,	0,	0,	0,	0,	0,	0,	0,	0,	0,	0,	0,	0,	0,	0,	0
Imp,	41,	0,	0,	0,	38,	3,	0,	0,	0,	0,	0,	0,	0,	0,	0,	0,	0,	0,	0,	0,	0,	0,	0,	0,	0,	0,	0,	0,	0,	0,	0,	0,	0
Minion,	41,	0,	0,	0,	38,	0,	0,	0,	0,	3,	0,	0,	0,	0,	0,	0,	0,	0,	0,	0,	0,	0,	0,	0,	0,	0,	0,	0,	0,	0,	0,	0,	0
Bear,	40,	0,	0,	0,	0,	0,	40,	0,	0,	0,	0,	0,	0,	0,	0,	0,	0,	0,	0,	0,	0,	0,	0,	0,	0,	0,	0,	0,	0,	0,	0,	0,	0
Octopus,	40,	0,	0,	35,	0,	0,	0,	0,	0,	0,	0,	0,	0,	0,	0,	0,	2,	3,	0,	0,	0,	0,	0,	0,	0,	0,	0,	0,	0,	0,	0,	0,	0
Turtle,	40,	0,	0,	21,	2,	0,	12,	0,	0,	0,	0,	0,	0,	0,	0,	0,	5,	0,	0,	0,	0,	0,	0,	0,	0,	0,	0,	0,	0,	0,	0,	0,	0
Crab,	39,	2,	0,	30,	3,	0,	0,	0,	0,	0,	0,	0,	0,	0,	0,	0,	4,	0,	0,	0,	0,	0,	0,	0,	0,	0,	0,	0,	0,	0,	0,	0,	0
Elder,	39,	0,	2,	2,	5,	3,	3,	0,	0,	3,	2,	0,	0,	0,	2,	2,	2,	2,	2,	2,	3,	2,	0,	0,	0,	2,	0,	0,	0,	0,	0,	0,	0
Ape,	37,	2,	0,	0,	2,	8,	25,	0,	0,	0,	0,	0,	0,	0,	0,	0,	0,	0,	0,	0,	0,	0,	0,	0,	0,	0,	0,	0,	0,	0,	0,	0,	0
Halfling,	37,	0,	11,	0,	8,	0,	8,	0,	0,	0,	0,	6,	2,	0,	2,	0,	0,	0,	0,	0,	0,	0,	0,	0,	0,	0,	0,	0,	0,	0,	0,	0,	0
Tyranid,	37,	0,	0,	2,	0,	4,	16,	0,	0,	0,	3,	0,	0,	3,	0,	0,	7,	0,	0,	0,	0,	0,	0,	0,	0,	0,	2,	0,	0,	0,	0,	0,	0
Phoenix,	36,	0,	0,	0,	0,	36,	0,	0,	0,	0,	0,	0,	0,	0,	0,	0,	0,	0,	0,	0,	0,	0,	0,	0,	0,	0,	0,	0,	0,	0,	0,	0,	0
Squirrel,	34,	0,	2,	0,	9,	0,	17,	0,	0,	0,	0,	0,	0,	0,	6,	0,	0,	0,	0,	0,	0,	0,	0,	0,	0,	0,	0,	0,	0,	0,	0,	0,	0
Elk,	33,	0,	8,	3,	0,	0,	22,	0,	0,	0,	0,	0,	0,	0,	0,	0,	0,	0,	0,	0,	0,	0,	0,	0,	0,	0,	0,	0,	0,	0,	0,	0,	0
Gargoyle,	33,	13,	12,	2,	0,	2,	0,	4,	0,	0,	0,	0,	0,	0,	0,	0,	0,	0,	0,	0,	0,	0,	0,	0,	0,	0,	0,	0,	0,	0,	0,	0,	0
Satyr,	33,	0,	0,	0,	2,	13,	18,	0,	0,	0,	0,	0,	0,	0,	0,	0,	0,	0,	0,	0,	0,	0,	0,	0,	0,	0,	0,	0,	0,	0,	0,	0,	0
Shade,	32,	0,	0,	0,	32,	0,	0,	0,	0,	0,	0,	0,	0,	0,	0,	0,	0,	0,	0,	0,	0,	0,	0,	0,	0,	0,	0,	0,	0,	0,	0,	0,	0
Bard,	31,	0,	5,	0,	0,	9,	11,	0,	0,	2,	2,	2,	0,	0,	0,	0,	0,	0,	0,	0,	0,	0,	0,	0,	0,	0,	0,	0,	0,	0,	0,	0,	0
Crocodile,	31,	0,	0,	3,	12,	0,	14,	0,	0,	0,	0,	0,	0,	0,	0,	0,	2,	0,	0,	0,	0,	0,	0,	0,	0,	0,	0,	0,	0,	0,	0,	0,	0
Cyclops,	31,	0,	0,	0,	2,	24,	0,	0,	0,	0,	3,	0,	0,	3,	0,	0,	-1,	0,	0,	0,	0,	0,	0,	0,	0,	0,	0,	0,	0,	0,	0,	0,	0
Pilot,	31,	0,	11,	5,	2,	7,	0,	0,	0,	0,	0,	0,	0,	0,	0,	6,	0,	0,	0,	0,	0,	0,	0,	0,	0,	0,	0,	0,	0,	0,	0,	0,	0
Gnome,	30,	13,	6,	4,	0,	3,	2,	0,	0,	0,	0,	0,	0,	0,	0,	0,	0,	0,	0,	0,	0,	0,	0,	2,	0,	0,	0,	0,	0,	0,	0,	0,	0
Moonfolk,	30,	0,	0,	28,	0,	0,	0,	2,	0,	0,	0,	0,	0,	0,	0,	0,	0,	0,	0,	0,	0,	0,	0,	0,	0,	0,	0,	0,	0,	0,	0,	0,	0
Unicorn,	30,	0,	24,	0,	0,	0,	2,	0,	0,	0,	0,	4,	0,	0,	0,	0,	0,	0,	0,	0,	0,	0,	0,	0,	0,	0,	0,	0,	0,	0,	0,	0,	0
Nomad,	28,	0,	20,	0,	0,	6,	2,	0,	0,	0,	0,	0,	0,	0,	0,	0,	0,	0,	0,	0,	0,	0,	0,	0,	0,	0,	0,	0,	0,	0,	0,	0,	0
Mount,	27,	0,	10,	0,	0,	5,	9,	0,	0,	0,	0,	3,	0,	0,	0,	0,	0,	0,	0,	0,	0,	0,	0,	0,	0,	0,	0,	0,	0,	0,	0,	0,	0
Rabbit,	27,	0,	15,	0,	0,	0,	8,	0,	0,	0,	0,	4,	0,	0,	0,	0,	0,	0,	0,	0,	0,	0,	0,	0,	0,	0,	0,	0,	0,	0,	0,	0,	0
Alien,	26,	0,	2,	8,	5,	3,	6,	0,	0,	0,	0,	0,	0,	0,	0,	0,	2,	0,	0,	0,	0,	0,	0,	0,	0,	0,	0,	0,	0,	0,	0,	0,	0
Efreet,	26,	0,	0,	5,	0,	15,	2,	0,	0,	0,	0,	0,	0,	4,	0,	0,	0,	0,	0,	0,	0,	0,	0,	0,	0,	0,	0,	0,	0,	0,	0,	0,	0
Homunculus,	26,	2,	2,	22,	0,	0,	0,	0,	0,	0,	0,	0,	0,	0,	0,	0,	0,	0,	0,	0,	0,	0,	0,	0,	0,	0,	0,	0,	0,	0,	0,	0,	0
Kraken,	26,	0,	0,	24,	0,	0,	0,	0,	3,	0,	0,	0,	0,	0,	0,	0,	0,	0,	-1,	0,	0,	0,	0,	0,	0,	0,	0,	0,	0,	0,	0,	0,	0
Specter,	25,	0,	0,	0,	21,	0,	0,	0,	4,	0,	0,	0,	0,	0,	0,	0,	0,	0,	0,	0,	0,	0,	0,	0,	0,	0,	0,	0,	0,	0,	0,	0,	0
Gorgon,	24,	0,	0,	0,	18,	0,	0,	0,	0,	0,	0,	0,	0,	0,	6,	0,	0,	0,	0,	0,	0,	0,	0,	0,	0,	0,	0,	0,	0,	0,	0,	0,	0
Jackal,	24,	0,	0,	0,	5,	14,	5,	0,	0,	0,	0,	0,	0,	0,	0,	0,	0,	0,	0,	0,	0,	0,	0,	0,	0,	0,	0,	0,	0,	0,	0,	0,	0
Lord,	24,	0,	0,	0,	0,	0,	0,	6,	3,	2,	0,	0,	0,	4,	0,	2,	4,	0,	3,	0,	0,	0,	0,	0,	0,	0,	0,	0,	0,	0,	0,	0,	0
Thrull,	24,	0,	3,	0,	16,	0,	0,	0,	0,	0,	0,	0,	5,	0,	0,	0,	0,	0,	0,	0,	0,	0,	0,	0,	0,	0,	0,	0,	0,	0,	0,	0,	0
Time,	24,	0,	0,	0,	0,	0,	0,	6,	3,	2,	0,	0,	0,	4,	0,	2,	4,	0,	3,	0,	0,	0,	0,	0,	0,	0,	0,	0,	0,	0,	0,	0,	0
Necron,	23,	0,	0,	0,	23,	0,	0,	0,	0,	0,	0,	0,	0,	0,	0,	0,	0,	0,	0,	0,	0,	0,	0,	0,	0,	0,	0,	0,	0,	0,	0,	0,	0
Otter,	22,	0,	0,	9,	0,	6,	0,	0,	0,	0,	0,	0,	0,	7,	0,	0,	0,	0,	0,	0,	0,	0,	0,	0,	0,	0,	0,	0,	0,	0,	0,	0,	0
Ox,	22,	0,	12,	0,	0,	6,	4,	0,	0,	0,	0,	0,	0,	0,	0,	0,	0,	0,	0,	0,	0,	0,	0,	0,	0,	0,	0,	0,	0,	0,	0,	0,	0
Raccoon,	22,	0,	0,	0,	0,	7,	11,	0,	0,	0,	4,	0,	0,	0,	0,	0,	0,	0,	0,	0,	0,	0,	0,	0,	0,	0,	0,	0,	0,	0,	0,	0,	0
Siren,	22,	0,	0,	20,	0,	0,	0,	0,	2,	0,	0,	0,	0,	0,	0,	0,	0,	0,	0,	0,	0,	0,	0,	0,	0,	0,	0,	0,	0,	0,	0,	0,	0
Equipment,	21,	0,	4,	4,	3,	8,	2,	0,	0,	0,	0,	0,	0,	0,	0,	0,	0,	0,	0,	0,	0,	0,	0,	0,	0,	0,	0,	0,	0,	0,	0,	0,	0
Hellion,	21,	0,	0,	0,	0,	17,	0,	0,	0,	0,	4,	0,	0,	0,	0,	0,	0,	0,	0,	0,	0,	0,	0,	0,	0,	0,	0,	0,	0,	0,	0,	0,	0
Mouse,	21,	0,	11,	0,	0,	7,	0,	0,	0,	0,	0,	0,	0,	0,	0,	3,	0,	0,	0,	0,	0,	0,	0,	0,	0,	0,	0,	0,	0,	0,	0,	0,	0
Pegasus,	21,	0,	21,	0,	0,	0,	0,	0,	0,	0,	0,	0,	0,	0,	0,	0,	0,	0,	0,	0,	0,	0,	0,	0,	0,	0,	0,	0,	0,	0,	0,	0,	0
Employee,	20,	0,	4,	2,	5,	5,	4,	0,	0,	0,	0,	0,	0,	0,	0,	0,	0,	0,	0,	0,	0,	0,	0,	0,	0,	0,	0,	0,	0,	0,	0,	0,	0
Juggernaut,	20,	20,	0,	0,	0,	0,	0,	0,	0,	0,	0,	0,	0,	0,	0,	0,	0,	0,	0,	0,	0,	0,	0,	0,	0,	0,	0,	0,	0,	0,	0,	0,	0
Archon,	19,	0,	15,	0,	0,	0,	0,	2,	0,	0,	0,	2,	0,	0,	0,	0,	0,	0,	0,	0,	0,	0,	0,	0,	0,	0,	0,	0,	0,	0,	0,	0,	0
Chimera,	19,	6,	0,	5,	0,	0,	4,	0,	0,	0,	0,	0,	0,	4,	0,	0,	0,	0,	0,	0,	0,	0,	0,	0,	0,	0,	0,	0,	0,	0,	0,	0,	0
Performer,	19,	0,	4,	6,	0,	3,	6,	0,	0,	0,	0,	0,	0,	0,	0,	0,	0,	0,	0,	0,	0,	0,	0,	0,	0,	0,	0,	0,	0,	0,	0,	0,	0
Thopter,	19,	17,	0,	0,	0,	0,	0,	2,	0,	0,	0,	0,	0,	0,	0,	0,	0,	0,	0,	0,	0,	0,	0,	0,	0,	0,	0,	0,	0,	0,	0,	0,	0
Cyborg,	18,	0,	14,	4,	0,	0,	0,	0,	0,	0,	0,	0,	0,	0,	0,	0,	0,	0,	0,	0,	0,	0,	0,	0,	0,	0,	0,	0,	0,	0,	0,	0,	0
Guest,	18,	0,	2,	3,	6,	4,	3,	0,	0,	0,	0,	0,	0,	0,	0,	0,	0,	0,	0,	0,	0,	0,	0,	0,	0,	0,	0,	0,	0,	0,	0,	0,	0
Incarnation,	18,	0,	5,	3,	3,	3,	4,	0,	0,	0,	0,	0,	0,	0,	0,	0,	0,	0,	0,	0,	0,	0,	0,	0,	0,	0,	0,	0,	0,	0,	0,	0,	0
Leviathan,	18,	0,	0,	17,	0,	0,	0,	0,	0,	0,	0,	0,	0,	0,	0,	0,	2,	0,	0,	0,	0,	0,	0,	0,	0,	0,	0,	0,	0,	0,	0,	0,	-1
Omen,	18,	0,	3,	4,	4,	3,	4,	0,	0,	0,	0,	0,	0,	0,	0,	0,	0,	0,	0,	0,	0,	0,	0,	0,	0,	0,	0,	0,	0,	0,	0,	0,	0
Praetor,	18,	0,	3,	3,	6,	3,	3,	0,	0,	0,	0,	0,	0,	0,	0,	0,	0,	0,	0,	0,	0,	0,	0,	0,	0,	0,	0,	0,	0,	0,	0,	0,	0
Aetherborn,	17,	0,	0,	0,	17,	0,	0,	0,	0,	0,	0,	0,	0,	0,	0,	0,	0,	0,	0,	0,	0,	0,	0,	0,	0,	0,	0,	0,	0,	0,	0,	0,	0
Astartes,	17,	0,	5,	0,	3,	5,	0,	0,	0,	2,	0,	0,	2,	0,	0,	0,	0,	0,	0,	0,	0,	0,	0,	0,	0,	0,	0,	0,	0,	0,	0,	0,	0
Nymph,	17,	0,	3,	4,	3,	3,	4,	0,	0,	0,	0,	0,	0,	0,	0,	0,	0,	0,	0,	0,	0,	0,	0,	0,	0,	0,	0,	0,	0,	0,	0,	0,	0
Weird,	17,	0,	0,	6,	0,	2,	0,	0,	0,	0,	0,	0,	0,	9,	0,	0,	0,	0,	0,	0,	0,	0,	0,	0,	0,	0,	0,	0,	0,	0,	0,	0,	0
Leech,	16,	0,	0,	2,	12,	0,	2,	0,	0,	0,	0,	0,	0,	0,	0,	0,	0,	0,	0,	0,	0,	0,	0,	0,	0,	0,	0,	0,	0,	0,	0,	0,	0
Salamander,	16,	2,	0,	8,	2,	4,	0,	0,	0,	0,	0,	0,	0,	0,	0,	0,	0,	0,	0,	0,	0,	0,	0,	0,	0,	0,	0,	0,	0,	0,	0,	0,	0
Goat,	15,	0,	6,	0,	0,	7,	2,	0,	0,	0,	0,	0,	0,	0,	0,	0,	0,	0,	0,	0,	0,	0,	0,	0,	0,	0,	0,	0,	0,	0,	0,	0,	0
Lhurgoyf,	15,	0,	0,	2,	5,	3,	5,	0,	0,	0,	0,	0,	0,	0,	0,	0,	0,	0,	0,	0,	0,	0,	0,	0,	0,	0,	0,	0,	0,	0,	0,	0,	0
Monkey,	15,	0,	0,	0,	2,	5,	8,	0,	0,	0,	0,	0,	0,	0,	0,	0,	0,	0,	0,	0,	0,	0,	0,	0,	0,	0,	0,	0,	0,	0,	0,	0,	0
Rigger,	15,	0,	2,	3,	3,	5,	2,	0,	0,	0,	0,	0,	0,	0,	0,	0,	0,	0,	0,	0,	0,	0,	0,	0,	0,	0,	0,	0,	0,	0,	0,	0,	0
Whale,	15,	0,	0,	15,	0,	0,	0,	0,	0,	0,	0,	0,	0,	0,	0,	0,	0,	0,	0,	0,	0,	0,	0,	0,	0,	0,	0,	0,	0,	0,	0,	0,	0
Yeti,	15,	0,	0,	3,	0,	8,	4,	0,	0,	0,	0,	0,	0,	0,	0,	0,	0,	0,	0,	0,	0,	0,	0,	0,	0,	0,	0,	0,	0,	0,	0,	0,	0
Kobold,	14,	0,	0,	0,	0,	12,	0,	0,	0,	2,	0,	0,	0,	0,	0,	0,	0,	0,	0,	0,	0,	0,	0,	0,	0,	0,	0,	0,	0,	0,	0,	0,	0
Ouphe,	14,	0,	0,	0,	0,	0,	14,	0,	0,	0,	0,	0,	0,	0,	0,	0,	0,	0,	0,	0,	0,	0,	0,	0,	0,	0,	0,	0,	0,	0,	0,	0,	0
Scientist,	14,	0,	3,	3,	0,	0,	0,	0,	0,	0,	0,	0,	0,	2,	0,	0,	0,	0,	2,	0,	0,	2,	0,	2,	0,	0,	0,	0,	0,	0,	0,	0,	0
Spy,	14,	0,	0,	6,	6,	0,	0,	0,	2,	0,	0,	0,	0,	0,	0,	0,	0,	0,	0,	0,	0,	0,	0,	0,	0,	0,	0,	0,	0,	0,	0,	0,	0
Doctor,	13,	0,	0,	0,	0,	0,	0,	7,	0,	0,	0,	0,	0,	3,	0,	0,	4,	0,	0,	0,	0,	-1,	0,	0,	0,	0,	0,	0,	0,	0,	0,	0,	0
Gremlin,	13,	0,	0,	0,	2,	11,	0,	0,	0,	0,	0,	0,	0,	0,	0,	0,	0,	0,	0,	0,	0,	0,	0,	0,	0,	0,	0,	0,	0,	0,	0,	0,	0
Jellyfish,	13,	0,	0,	13,	0,	0,	0,	0,	0,	0,	0,	0,	0,	0,	0,	0,	0,	0,	0,	0,	0,	0,	0,	0,	0,	0,	0,	0,	0,	0,	0,	0,	0
Scorpion,	13,	0,	0,	0,	10,	0,	3,	0,	0,	0,	0,	0,	0,	0,	0,	0,	0,	0,	0,	0,	0,	0,	0,	0,	0,	0,	0,	0,	0,	0,	0,	0,	0
Shark,	13,	0,	0,	10,	0,	2,	0,	0,	0,	0,	0,	-1,	0,	0,	0,	0,	3,	-1,	0,	0,	0,	0,	0,	0,	0,	0,	0,	0,	0,	0,	0,	0,	0
Skeleton,	13,	0,	0,	2,	0,	2,	0,	0,	5,	0,	0,	0,	0,	0,	4,	0,	0,	0,	0,	0,	0,	0,	0,	0,	0,	0,	0,	0,	0,	0,	0,	0,	0
Tiefling,	13,	0,	0,	2,	6,	5,	0,	0,	0,	0,	0,	0,	0,	0,	0,	0,	0,	0,	0,	0,	0,	0,	0,	0,	0,	0,	0,	0,	0,	0,	0,	0,	0
Basilisk,	12,	0,	0,	0,	0,	0,	12,	0,	0,	0,	0,	0,	0,	0,	0,	0,	0,	0,	0,	0,	0,	0,	0,	0,	0,	0,	0,	0,	0,	0,	0,	0,	0
Nightstalker,	12,	0,	0,	0,	12,	0,	0,	0,	0,	0,	0,	0,	0,	0,	0,	0,	0,	0,	0,	0,	0,	0,	0,	0,	0,	0,	0,	0,	0,	0,	0,	0,	0
Survivor,	12,	0,	5,	0,	0,	0,	5,	0,	0,	0,	0,	2,	0,	0,	0,	0,	0,	0,	0,	0,	0,	0,	0,	0,	0,	0,	0,	0,	0,	0,	0,	0,	0
Toy,	12,	4,	3,	0,	2,	3,	0,	0,	0,	0,	0,	0,	0,	0,	0,	0,	0,	0,	0,	0,	0,	0,	0,	0,	0,	0,	0,	0,	0,	0,	0,	0,	0
Antelope,	11,	0,	3,	0,	0,	0,	8,	0,	0,	0,	0,	0,	0,	0,	0,	0,	0,	0,	0,	0,	0,	0,	0,	0,	0,	0,	0,	0,	0,	0,	0,	0,	0
Assembly-Worker,	11,	11,	0,	0,	0,	0,	0,	0,	0,	0,	0,	0,	0,	0,	0,	0,	0,	0,	0,	0,	0,	0,	0,	0,	0,	0,	0,	0,	0,	0,	0,	0,	0
Dauthi,	11,	0,	0,	0,	11,	0,	0,	0,	0,	0,	0,	0,	0,	0,	0,	0,	0,	0,	0,	0,	0,	0,	0,	0,	0,	0,	0,	0,	0,	0,	0,	0,	0
Egg,	11,	3,	0,	2,	0,	4,	2,	0,	0,	0,	0,	0,	0,	0,	0,	0,	0,	0,	0,	0,	0,	0,	0,	0,	0,	0,	0,	0,	0,	0,	0,	0,	0
Licid,	11,	0,	2,	3,	2,	2,	2,	0,	0,	0,	0,	0,	0,	0,	0,	0,	0,	0,	0,	0,	0,	0,	0,	0,	0,	0,	0,	0,	0,	0,	0,	0,	0
Wolverine,	11,	0,	0,	0,	0,	7,	4,	0,	0,	0,	0,	0,	0,	0,	0,	0,	0,	0,	0,	0,	0,	0,	0,	0,	0,	0,	0,	0,	0,	0,	0,	0,	0
Worm,	11,	0,	0,	2,	6,	0,	3,	0,	0,	0,	0,	0,	0,	0,	0,	0,	0,	0,	0,	0,	0,	0,	0,	0,	0,	0,	0,	0,	0,	0,	0,	0,	0
Clown,	10,	0,	3,	0,	0,	7,	0,	0,	0,	0,	0,	0,	0,	0,	0,	0,	0,	0,	0,	0,	0,	0,	0,	0,	0,	0,	0,	0,	0,	0,	0,	0,	0
Hag,	10,	0,	0,	2,	2,	0,	0,	0,	0,	0,	0,	0,	3,	0,	3,	0,	0,	0,	0,	0,	0,	0,	0,	0,	0,	0,	0,	0,	0,	0,	0,	0,	0
Harpy,	10,	0,	0,	0,	10,	0,	0,	0,	0,	0,	0,	0,	0,	0,	0,	0,	0,	0,	0,	0,	0,	0,	0,	0,	0,	0,	0,	0,	0,	0,	0,	0,	0
Slug,	10,	0,	0,	0,	6,	2,	2,	0,	0,	0,	0,	0,	0,	0,	0,	0,	0,	0,	0,	0,	0,	0,	0,	0,	0,	0,	0,	0,	0,	0,	0,	0,	0
Badger,	9,	0,	0,	0,	0,	2,	7,	0,	0,	0,	0,	0,	0,	0,	0,	0,	0,	0,	0,	0,	0,	0,	0,	0,	0,	0,	0,	0,	0,	0,	0,	0,	0
Homarid,	9,	0,	0,	9,	0,	0,	0,	0,	0,	0,	0,	0,	0,	0,	0,	0,	0,	0,	0,	0,	0,	0,	0,	0,	0,	0,	0,	0,	0,	0,	0,	0,	0
Manticore,	9,	0,	0,	0,	0,	9,	0,	0,	0,	0,	0,	0,	0,	0,	0,	0,	0,	0,	0,	0,	0,	0,	0,	0,	0,	0,	0,	0,	0,	0,	0,	0,	0
Processor,	9,	3,	0,	4,	2,	0,	0,	0,	0,	0,	0,	0,	0,	0,	0,	0,	0,	0,	0,	0,	0,	0,	0,	0,	0,	0,	0,	0,	0,	0,	0,	0,	0
Soltari,	9,	0,	9,	0,	0,	0,	0,	0,	0,	0,	0,	0,	0,	0,	0,	0,	0,	0,	0,	0,	0,	0,	0,	0,	0,	0,	0,	0,	0,	0,	0,	0,	0
Wraith,	9,	0,	0,	0,	9,	0,	0,	0,	0,	0,	0,	0,	0,	0,	0,	0,	0,	0,	0,	0,	0,	0,	0,	0,	0,	0,	0,	0,	0,	0,	0,	0,	0
Azra,	8,	0,	0,	0,	6,	0,	0,	0,	0,	2,	0,	0,	0,	0,	0,	0,	0,	0,	0,	0,	0,	0,	0,	0,	0,	0,	0,	0,	0,	0,	0,	0,	0
Eye,	8,	0,	0,	3,	5,	0,	0,	0,	0,	0,	0,	0,	0,	0,	0,	0,	0,	0,	0,	0,	0,	0,	0,	0,	0,	0,	0,	0,	0,	0,	0,	0,	0
Hippogriff,	8,	0,	6,	2,	0,	0,	0,	0,	0,	0,	0,	0,	0,	0,	0,	0,	0,	0,	0,	0,	0,	0,	0,	0,	0,	0,	0,	0,	0,	0,	0,	0,	0
Metathran,	8,	0,	0,	8,	0,	0,	0,	0,	0,	0,	0,	0,	0,	0,	0,	0,	0,	0,	0,	0,	0,	0,	0,	0,	0,	0,	0,	0,	0,	0,	0,	0,	0
Kirin,	7,	0,	7,	0,	0,	0,	0,	0,	0,	0,	0,	0,	0,	0,	0,	0,	0,	0,	0,	0,	0,	0,	0,	0,	0,	0,	0,	0,	0,	0,	0,	0,	0
Squid,	7,	0,	0,	7,	0,	0,	0,	0,	0,	0,	0,	0,	0,	0,	0,	0,	0,	0,	0,	0,	0,	0,	0,	0,	0,	0,	0,	0,	0,	0,	0,	0,	0
Thalakos,	7,	0,	0,	7,	0,	0,	0,	0,	0,	0,	0,	0,	0,	0,	0,	0,	0,	0,	0,	0,	0,	0,	0,	0,	0,	0,	0,	0,	0,	0,	0,	0,	0
Hippo,	5,	0,	0,	0,	0,	0,	3,	0,	0,	0,	0,	0,	0,	0,	0,	0,	2,	0,	0,	0,	0,	0,	0,	0,	0,	0,	0,	0,	0,	0,	0,	0,	0
Food,	3,	2,	0,	0,	0,	0,	2,	0,	0,	0,	0,	0,	0,	0,	0,	0,	0,	0,	0,	0,	0,	0,	0,	0,	0,	-1,	0,	0,	0,	0,	0,	0,	0
Coward,	2,	0,	0,	0,	0,	2,	0,	0,	0,	0,	0,	0,	0,	0,	0,	0,	0,	0,	0,	0,	0,	0,	0,	0,	0,	0,	0,	0,	0,	0,	0,	0,	0
Shrine,	2,	0,	0,	0,	0,	0,	2,	0,	0,	0,	0,	0,	0,	0,	0,	0,	0,	0,	0,	0,	0,	0,	0,	0,	0,	0,	0,	0,	0,	0,	0,	0,	0
Clue,	1,	0,	0,	2,	0,	0,	0,	0,	0,	0,	0,	0,	0,	-1,	0,	0,	0,	0,	0,	0,	0,	0,	0,	0,	0,	0,	0,	0,	0,	0,	0,	0,	0
Arcane,	0,	0,	0,	0,	0,	0,	0,	0,	0,	0,	0,	0,	0,	0,	0,	0,	0,	0,	0,	0,	0,	0,	0,	0,	0,	0,	0,	0,	0,	0,	0,	0,	0
Art,	0,	0,	0,	0,	0,	0,	0,	0,	0,	0,	0,	0,	0,	0,	0,	0,	0,	0,	0,	0,	0,	0,	0,	0,	0,	0,	0,	0,	0,	0,	0,	0,	0
Aura,	0,	0,	0,	0,	0,	0,	0,	0,	0,	0,	0,	0,	0,	0,	0,	0,	0,	0,	0,	0,	0,	0,	0,	0,	0,	0,	0,	0,	0,	0,	0,	0,	0
Cave,	0,	0,	0,	0,	0,	0,	0,	0,	0,	0,	0,	0,	0,	0,	0,	0,	0,	0,	0,	0,	0,	0,	0,	0,	0,	0,	0,	0,	0,	0,	0,	0,	0
Cockatrice,	0,	0,	0,	0,	0,	0,	0,	0,	0,	0,	0,	0,	0,	0,	0,	0,	0,	0,	0,	0,	0,	0,	0,	0,	0,	0,	0,	0,	0,	0,	0,	0,	0
Gate,	0,	0,	0,	0,	0,	0,	0,	0,	0,	0,	0,	0,	0,	0,	0,	0,	0,	0,	0,	0,	0,	0,	0,	0,	0,	0,	0,	0,	0,	0,	0,	0,	0
Lair,	0,	0,	0,	0,	0,	0,	0,	0,	0,	0,	0,	0,	0,	0,	0,	0,	0,	0,	0,	0,	0,	0,	0,	0,	0,	0,	0,	0,	0,	0,	0,	0,	0
Moon,	0,	0,	0,	0,	0,	0,	0,	0,	0,	0,	0,	0,	0,	0,	0,	0,	0,	0,	0,	0,	0,	0,	0,	0,	0,	0,	0,	0,	0,	0,	0,	0,	0
Phyrexia,	0,	0,	0,	0,	0,	0,	0,	0,	0,	0,	0,	0,	0,	0,	0,	0,	0,	0,	0,	0,	0,	0,	0,	0,	0,	0,	0,	0,	0,	0,	0,	0,	0
Planet,	0,	0,	0,	0,	0,	0,	0,	0,	0,	0,	0,	0,	0,	0,	0,	0,	0,	0,	0,	0,	0,	0,	0,	0,	0,	0,	0,	0,	0,	0,	0,	0,	0
Room,	0,	0,	0,	0,	0,	0,	0,	0,	0,	0,	0,	0,	0,	0,	0,	0,	0,	0,	0,	0,	0,	0,	0,	0,	0,	0,	0,	0,	0,	0,	0,	0,	0
Saga,	0,	0,	0,	0,	0,	0,	0,	0,	0,	0,	0,	0,	0,	0,	0,	0,	0,	0,	0,	0,	0,	0,	0,	0,	0,	0,	0,	0,	0,	0,	0,	0,	0
Saproling,	0,	0,	0,	0,	0,	0,	0,	0,	0,	0,	0,	0,	0,	0,	0,	0,	0,	0,	0,	0,	0,	0,	0,	0,	0,	0,	0,	0,	0,	0,	0,	0,	0
Spike,	0,	0,	0,	0,	0,	0,	0,	0,	0,	0,	0,	0,	0,	0,	0,	0,	0,	0,	0,	0,	0,	0,	0,	0,	0,	0,	0,	0,	0,	0,	0,	0,	0
Gus,	-1,	0,	0,	0,	0,	0,	-1,	0,	0,	0,	0,	0,	0,	0,	0,	0,	0,	0,	0,	0,	0,	0,	0,	0,	0,	0,	0,	0,	0,	0,	0,	0,	0
Desert,	-2,	0,	0,	0,	0,	0,	0,	0,	0,	0,	0,	0,	0,	0,	0,	0,	0,	-1,	-1,	0,	0,	0,	0,	0,	0,	0,	0,	0,	0,	0,	0,	0,	0
--- TYPE OVERLAP MATRIX: ---
--,	Adventure,	Advisor,	Aetherborn,	Alien,	Ally,	Angel,	Antelope,	Ape,	Arcane,	Archer,	Archon,	Art,	Artificer,	Assassin,	Assembly-Worker,	Astartes,	Aura,	Avatar,	Azra,	Badger,	Barbarian,	Bard,	Basilisk,	Bat,	Bear,	Beast,	Berserker,	Bird,	Boar,	Cat,	Cave,	Centaur,	Chimera,	Citizen,	Cleric,	Clown,	Clue,	Cockatrice,	Construct,	Coward,	Crab,	Crocodile,	Cyborg,	Cyclops,	Dauthi,	Demon,	Desert,	Detective,	Devil,	Dinosaur,	Djinn,	Doctor,	Dog,	Dragon,	Drake,	Drone,	Druid,	Dryad,	Dwarf,	Efreet,	Egg,	Elder,	Eldrazi,	Elemental,	Elephant,	Elf,	Elk,	Employee,	Equipment,	Eye,	Faerie,	Fish,	Food,	Fox,	Frog,	Fungus,	Gargoyle,	Gate,	Giant,	Gnome,	Goat,	Goblin,	God,	Golem,	Gorgon,	Gremlin,	Griffin,	Guest,	Gus,	Hag,	Halfling,	Harpy,	Hellion,	Hippo,	Hippogriff,	Homarid,	Homunculus,	Horror,	Horse,	Human,	Hydra,	Illusion,	Imp,	Incarnation,	Insect,	Jackal,	Jellyfish,	Juggernaut,	Kavu,	Kirin,	Kithkin,	Knight,	Kobold,	Kor,	Kraken,	Lair,	Leech,	Leviathan,	Lhurgoyf,	Licid,	Lizard,	Lord,	Manticore,	Mercenary,	Merfolk,	Metathran,	Minion,	Minotaur,	Monk,	Monkey,	Moon,	Moonfolk,	Mount,	Mouse,	Mutant,	Myr,	Necron,	Nightmare,	Nightstalker,	Ninja,	Noble,	Nomad,	Nymph,	Octopus,	Ogre,	Omen,	Ooze,	Orc,	Otter,	Ouphe,	Ox,	Peasant,	Pegasus,	Performer,	Phoenix,	Phyrexia,	Phyrexian,	Pilot,	Pirate,	Planet,	Plant,	Praetor,	Processor,	Rabbit,	Raccoon,	Ranger,	Rat,	Rebel,	Rhino,	Rigger,	Robot,	Rogue,	Room,	Saga,	Salamander,	Samurai,	Saproling,	Satyr,	Scarecrow,	Scientist,	Scorpion,	Scout,	Serpent,	Shade,	Shaman,	Shapeshifter,	Shark,	Shrine,	Siren,	Skeleton,	Sliver,	Slug,	Snake,	Soldier,	Soltari,	Specter,	Spellshaper,	Sphinx,	Spider,	Spike,	Spirit,	Spy,	Squid,	Squirrel,	Survivor,	Thalakos,	Thopter,	Thrull,	Tiefling,	Time,	Toy,	Treefolk,	Troll,	Turtle,	Tyranid,	Unicorn,	Vampire,	Vedalken,	Wall,	Warlock,	Warrior,	Weird,	Werewolf,	Whale,	Wizard,	Wolf,	Wolverine,	Worm,	Wraith,	Wurm,	Yeti,	Zombie
Adventure,	103,	0,	0,	0,	0,	0,	0,	0,	0,	0,	0,	0,	0,	0,	0,	0,	0,	0,	0,	0,	0,	0,	0,	0,	0,	0,	0,	0,	0,	0,	0,	0,	0,	0,	0,	0,	0,	0,	0,	0,	0,	0,	0,	0,	0,	0,	0,	0,	0,	0,	-1,	0,	0,	0,	0,	0,	0,	0,	0,	0,	0,	0,	0,	0,	0,	0,	0,	0,	0,	0,	0,	0,	0,	0,	0,	0,	0,	0,	0,	0,	0,	0,	0,	0,	0,	0,	0,	0,	0,	0,	0,	0,	0,	0,	0,	0,	0,	0,	0,	0,	0,	0,	0,	0,	0,	0,	0,	0,	0,	0,	0,	0,	0,	0,	0,	0,	0,	0,	0,	0,	0,	0,	0,	0,	0,	0,	-1,	0,	0,	0,	0,	0,	0,	0,	0,	0,	0,	0,	0,	-1,	0,	0,	0,	0,	0,	0,	0,	0,	0,	0,	0,	0,	0,	0,	0,	0,	0,	0,	0,	0,	0,	0,	0,	0,	0,	0,	0,	0,	0,	0,	0,	0,	0,	0,	0,	0,	0,	0,	0,	0,	0,	0,	0,	0,	0,	0,	0,	0,	0,	0,	0,	0,	0,	0,	0,	0,	0,	0,	0,	0,	0,	0,	0,	0,	0,	0,	0,	0,	0,	0,	0,	0,	0,	0,	0,	0,	0,	0,	0,	0,	0,	0,	0,	0,	0,	0,	0,	0,	0,	0,	0,	0Advisor,	0,	132,	0,	2,	0,	3,	0,	0,	0,	0,	0,	0,	0,	0,	0,	0,	0,	0,	0,	0,	0,	0,	0,	0,	0,	0,	0,	5,	0,	4,	0,	2,	0,	0,	0,	0,	0,	0,	0,	0,	0,	0,	0,	0,	0,	0,	0,	0,	0,	0,	0,	0,	0,	0,	0,	0,	0,	0,	2,	0,	0,	0,	0,	0,	0,	4,	0,	0,	0,	0,	2,	0,	0,	2,	2,	0,	0,	0,	0,	0,	0,	2,	0,	0,	0,	0,	0,	0,	0,	0,	2,	0,	0,	0,	0,	0,	0,	0,	0,	74,	0,	0,	0,	0,	0,	0,	0,	0,	0,	0,	0,	0,	0,	0,	0,	0,	0,	0,	0,	0,	0,	0,	0,	0,	0,	0,	0,	0,	0,	0,	0,	0,	0,	0,	4,	0,	0,	0,	0,	0,	0,	0,	0,	3,	0,	0,	0,	0,	0,	0,	0,	0,	0,	0,	0,	0,	2,	0,	0,	0,	0,	0,	0,	0,	0,	0,	0,	0,	0,	0,	0,	0,	0,	0,	0,	0,	0,	0,	0,	0,	0,	0,	0,	0,	0,	0,	0,	0,	0,	0,	0,	0,	0,	0,	0,	0,	0,	0,	0,	0,	4,	0,	0,	2,	0,	0,	0,	0,	0,	0,	0,	0,	0,	0,	0,	0,	0,	0,	0,	0,	0,	0,	0,	0,	0,	0,	0,	0,	0,	0,	0,	3Aetherborn,	0,	0,	19,	0,	0,	0,	0,	0,	0,	0,	0,	0,	4,	0,	0,	0,	0,	0,	0,	0,	0,	0,	0,	0,	0,	0,	0,	0,	0,	0,	0,	0,	0,	0,	0,	0,	0,	0,	0,	0,	0,	0,	0,	0,	0,	0,	0,	0,	0,	0,	0,	0,	0,	0,	0,	0,	0,	0,	0,	0,	0,	0,	0,	0,	0,	0,	0,	0,	0,	0,	0,	0,	0,	0,	0,	0,	0,	0,	0,	0,	0,	0,	0,	0,	0,	0,	0,	0,	0,	0,	0,	0,	0,	0,	0,	0,	0,	0,	0,	0,	0,	0,	0,	0,	0,	0,	0,	0,	0,	0,	0,	0,	0,	0,	0,	0,	0,	0,	0,	0,	0,	0,	0,	0,	0,	0,	0,	0,	0,	0,	0,	0,	0,	0,	0,	0,	0,	0,	0,	0,	0,	0,	0,	0,	0,	0,	0,	0,	0,	0,	0,	0,	0,	0,	0,	0,	0,	0,	0,	0,	0,	0,	0,	0,	0,	0,	0,	0,	0,	0,	0,	9,	0,	0,	0,	0,	0,	0,	0,	0,	0,	0,	0,	0,	0,	0,	0,	0,	0,	0,	0,	0,	0,	0,	0,	0,	0,	0,	0,	0,	0,	0,	0,	0,	0,	0,	0,	0,	0,	0,	0,	0,	0,	0,	0,	0,	3,	0,	0,	0,	3,	0,	0,	0,	0,	0,	0,	0,	0,	0,	0,	0Alien,	0,	2,	0,	33,	0,	0,	0,	0,	0,	0,	0,	0,	0,	0,	0,	0,	0,	0,	0,	0,	0,	0,	0,	0,	0,	0,	0,	0,	0,	0,	0,	0,	0,	0,	2,	0,	0,	0,	0,	0,	0,	0,	0,	0,	0,	0,	0,	0,	0,	0,	0,	0,	0,	0,	0,	0,	0,	0,	0,	0,	0,	0,	0,	0,	0,	0,	0,	0,	0,	0,	0,	0,	0,	0,	0,	0,	0,	0,	0,	0,	0,	0,	0,	0,	0,	0,	0,	3,	0,	0,	0,	0,	0,	0,	0,	0,	0,	5,	0,	0,	0,	0,	0,	0,	3,	0,	0,	0,	0,	0,	0,	0,	0,	0,	0,	0,	0,	0,	0,	0,	0,	0,	0,	0,	0,	0,	0,	0,	0,	0,	0,	0,	0,	0,	0,	0,	0,	0,	0,	0,	0,	0,	0,	0,	0,	0,	0,	0,	0,	0,	0,	0,	0,	0,	0,	0,	0,	0,	0,	0,	0,	0,	0,	0,	0,	0,	0,	0,	0,	0,	0,	0,	0,	0,	0,	0,	0,	0,	0,	0,	0,	0,	0,	0,	0,	2,	0,	0,	0,	0,	0,	0,	0,	7,	0,	0,	0,	0,	0,	0,	0,	0,	0,	0,	0,	0,	0,	0,	0,	0,	0,	0,	0,	0,	0,	0,	0,	0,	0,	0,	0,	0,	0,	0,	0,	0,	0,	0,	0,	0,	0,	2Ally,	0,	0,	0,	0,	96,	3,	0,	0,	0,	2,	0,	0,	3,	2,	0,	0,	0,	0,	0,	0,	0,	0,	0,	0,	0,	0,	2,	0,	0,	0,	0,	0,	0,	0,	7,	0,	0,	0,	0,	0,	0,	0,	0,	0,	0,	0,	0,	0,	0,	0,	0,	0,	0,	0,	0,	0,	3,	0,	0,	0,	0,	0,	0,	0,	0,	14,	0,	0,	0,	0,	0,	0,	0,	0,	0,	0,	0,	0,	0,	0,	0,	7,	0,	0,	0,	0,	0,	0,	0,	0,	0,	0,	0,	0,	0,	0,	0,	0,	0,	35,	0,	0,	0,	0,	0,	0,	0,	0,	0,	0,	0,	5,	0,	15,	0,	0,	0,	0,	0,	0,	0,	0,	0,	0,	5,	0,	0,	2,	0,	0,	0,	0,	0,	0,	0,	0,	0,	0,	0,	0,	0,	0,	0,	0,	0,	0,	0,	0,	0,	0,	0,	0,	0,	0,	0,	0,	0,	0,	0,	0,	0,	0,	0,	-1,	0,	0,	0,	-1,	0,	0,	0,	4,	0,	0,	0,	0,	0,	0,	0,	0,	0,	8,	0,	0,	11,	0,	0,	0,	0,	0,	0,	0,	0,	13,	0,	0,	0,	0,	0,	0,	0,	0,	0,	0,	0,	0,	0,	0,	0,	0,	0,	0,	0,	0,	0,	0,	10,	0,	0,	0,	17,	0,	0,	0,	6,	0,	0,	0,	0,	0,	0,	0Angel,	0,	3,	0,	0,	3,	268,	0,	0,	0,	0,	0,	0,	0,	0,	0,	0,	0,	0,	0,	0,	0,	0,	0,	0,	0,	0,	3,	0,	0,	0,	0,	0,	0,	0,	10,	0,	0,	0,	0,	0,	0,	0,	0,	0,	0,	0,	0,	2,	0,	0,	0,	0,	0,	0,	0,	0,	0,	0,	0,	0,	0,	0,	2,	0,	0,	0,	0,	0,	0,	0,	0,	0,	0,	0,	-1,	0,	-1,	0,	0,	0,	-1,	0,	0,	0,	0,	0,	0,	0,	0,	0,	0,	0,	0,	0,	0,	0,	0,	4,	0,	0,	0,	0,	0,	0,	0,	0,	0,	0,	0,	0,	0,	3,	0,	0,	0,	0,	0,	0,	0,	0,	0,	0,	0,	0,	0,	0,	0,	0,	0,	0,	0,	0,	0,	0,	0,	0,	0,	0,	0,	0,	0,	0,	0,	0,	0,	0,	0,	0,	0,	0,	0,	0,	0,	0,	0,	0,	10,	0,	0,	0,	0,	0,	0,	0,	0,	0,	0,	-1,	0,	0,	0,	0,	0,	0,	0,	0,	0,	0,	0,	0,	0,	0,	0,	0,	0,	0,	0,	0,	0,	0,	0,	0,	0,	6,	0,	0,	0,	0,	0,	0,	7,	0,	0,	0,	0,	0,	0,	0,	0,	0,	0,	0,	0,	0,	0,	0,	2,	0,	0,	0,	10,	0,	0,	0,	2,	0,	0,	0,	0,	0,	0,	0Antelope,	0,	0,	0,	0,	0,	0,	11,	0,	0,	0,	0,	0,	0,	0,	0,	0,	0,	0,	0,	0,	0,	0,	0,	0,	0,	2,	0,	0,	0,	0,	0,	0,	0,	0,	0,	0,	0,	0,	0,	0,	0,	0,	0,	0,	0,	0,	0,	0,	0,	0,	0,	0,	0,	0,	0,	0,	0,	0,	0,	0,	0,	0,	0,	0,	0,	0,	0,	0,	0,	0,	0,	0,	0,	0,	0,	0,	0,	0,	0,	0,	0,	0,	0,	0,	0,	0,	0,	0,	0,	0,	0,	0,	0,	0,	0,	0,	0,	0,	0,	0,	0,	0,	0,	0,	0,	0,	0,	0,	0,	0,	0,	0,	0,	0,	0,	0,	0,	0,	0,	0,	0,	0,	0,	0,	0,	0,	0,	0,	0,	0,	0,	0,	0,	0,	0,	0,	0,	0,	0,	0,	0,	0,	0,	0,	0,	0,	0,	0,	0,	0,	0,	0,	0,	0,	0,	0,	0,	0,	0,	0,	0,	0,	0,	0,	0,	0,	0,	0,	0,	0,	0,	0,	0,	0,	0,	0,	0,	0,	0,	0,	0,	0,	0,	0,	0,	0,	0,	0,	0,	0,	0,	0,	0,	0,	0,	0,	0,	0,	0,	0,	0,	0,	0,	0,	0,	0,	0,	0,	0,	0,	0,	0,	0,	0,	0,	0,	0,	0,	0,	0,	0,	0,	0,	0,	0,	0,	0,	0,	0,	0,	0,	0Ape,	0,	0,	0,	0,	0,	0,	0,	38,	0,	0,	0,	0,	0,	0,	0,	0,	0,	0,	0,	0,	0,	0,	0,	0,	0,	0,	0,	0,	0,	0,	0,	0,	0,	0,	0,	0,	0,	0,	0,	0,	0,	0,	-1,	0,	0,	-1,	0,	0,	0,	0,	0,	0,	0,	0,	0,	0,	3,	0,	0,	0,	0,	0,	0,	0,	0,	0,	0,	0,	0,	0,	0,	0,	0,	0,	0,	0,	0,	0,	0,	0,	0,	0,	0,	0,	0,	0,	0,	0,	0,	0,	0,	0,	0,	0,	0,	0,	0,	0,	0,	0,	0,	0,	0,	0,	0,	0,	0,	0,	0,	0,	0,	0,	0,	0,	0,	0,	0,	0,	0,	0,	0,	0,	0,	0,	0,	0,	0,	0,	0,	0,	0,	0,	0,	0,	0,	0,	0,	0,	0,	0,	0,	0,	0,	0,	0,	0,	0,	0,	0,	0,	0,	0,	0,	0,	0,	0,	0,	0,	0,	0,	0,	0,	0,	0,	0,	0,	0,	0,	0,	0,	0,	0,	0,	0,	0,	0,	0,	0,	0,	0,	0,	0,	0,	0,	3,	0,	0,	0,	0,	0,	0,	0,	2,	0,	0,	0,	0,	0,	0,	0,	0,	0,	0,	0,	0,	0,	0,	0,	0,	0,	0,	0,	0,	0,	0,	0,	0,	0,	0,	0,	4,	0,	0,	0,	0,	0,	0,	0,	0,	0,	0,	0Arcane,	0,	0,	0,	0,	0,	0,	0,	0,	0,	0,	0,	0,	0,	0,	0,	0,	0,	0,	0,	0,	0,	0,	0,	0,	0,	0,	0,	0,	0,	0,	0,	0,	0,	0,	0,	0,	0,	0,	0,	0,	0,	0,	0,	0,	0,	0,	0,	0,	0,	0,	0,	0,	0,	0,	0,	0,	0,	0,	0,	0,	0,	0,	0,	0,	0,	0,	0,	0,	0,	0,	0,	0,	0,	0,	0,	0,	0,	0,	0,	0,	0,	0,	0,	0,	0,	0,	0,	0,	0,	0,	0,	0,	0,	0,	0,	0,	0,	0,	0,	0,	0,	0,	0,	0,	0,	0,	0,	0,	0,	0,	0,	0,	0,	0,	0,	0,	0,	0,	0,	0,	0,	0,	0,	0,	0,	0,	0,	0,	0,	0,	0,	0,	0,	0,	0,	0,	0,	0,	0,	0,	0,	0,	0,	0,	0,	0,	0,	0,	0,	0,	0,	0,	0,	0,	0,	0,	0,	0,	0,	0,	0,	0,	0,	0,	0,	0,	0,	0,	0,	0,	0,	0,	0,	0,	0,	0,	0,	0,	0,	0,	0,	0,	0,	0,	0,	0,	0,	0,	0,	0,	0,	0,	0,	0,	0,	0,	0,	0,	0,	0,	0,	0,	0,	0,	0,	0,	0,	0,	0,	0,	0,	0,	0,	0,	0,	0,	0,	0,	0,	0,	0,	0,	0,	0,	0,	0,	0,	0,	-1,	0,	0,	0Archer,	0,	0,	0,	0,	2,	0,	0,	0,	0,	109,	0,	0,	0,	0,	0,	0,	0,	0,	0,	0,	0,	0,	0,	0,	0,	0,	0,	0,	0,	0,	0,	6,	0,	0,	3,	0,	0,	0,	0,	0,	0,	0,	0,	0,	0,	0,	0,	0,	0,	0,	0,	0,	3,	0,	0,	0,	2,	0,	0,	0,	0,	0,	0,	0,	0,	31,	0,	0,	0,	0,	0,	0,	0,	0,	0,	0,	0,	0,	0,	0,	0,	2,	0,	0,	0,	0,	0,	0,	0,	0,	0,	0,	0,	0,	0,	0,	0,	0,	0,	42,	0,	0,	0,	0,	0,	0,	0,	0,	0,	0,	2,	0,	0,	0,	0,	0,	0,	0,	0,	0,	0,	0,	0,	0,	0,	0,	0,	2,	0,	0,	0,	0,	0,	0,	0,	0,	0,	0,	0,	0,	0,	0,	0,	0,	0,	0,	0,	2,	0,	0,	0,	0,	0,	0,	0,	0,	0,	0,	0,	0,	0,	0,	0,	0,	0,	3,	0,	0,	0,	0,	0,	0,	0,	0,	0,	0,	0,	0,	0,	0,	0,	0,	0,	0,	0,	0,	0,	0,	0,	0,	0,	0,	5,	9,	0,	0,	0,	0,	0,	0,	0,	0,	0,	0,	0,	0,	0,	0,	0,	0,	0,	0,	0,	0,	0,	0,	2,	0,	0,	0,	2,	0,	2,	0,	0,	0,	0,	0,	0,	0,	0,	0Archon,	0,	0,	0,	0,	0,	0,	0,	0,	0,	0,	21,	0,	0,	0,	0,	0,	0,	0,	-1,	0,	0,	0,	0,	0,	0,	0,	0,	0,	0,	0,	0,	0,	0,	0,	0,	0,	0,	0,	0,	0,	0,	0,	0,	0,	0,	0,	0,	0,	0,	0,	0,	0,	0,	0,	0,	0,	0,	0,	0,	0,	0,	0,	0,	0,	0,	0,	0,	0,	0,	-1,	-1,	0,	0,	0,	0,	0,	0,	0,	0,	0,	0,	0,	0,	0,	0,	0,	0,	0,	0,	0,	0,	0,	0,	0,	0,	0,	0,	0,	0,	0,	0,	0,	0,	0,	0,	0,	0,	0,	0,	0,	0,	0,	0,	0,	0,	0,	0,	0,	0,	0,	0,	0,	0,	0,	0,	0,	0,	0,	-1,	-1,	0,	0,	0,	0,	0,	0,	0,	0,	0,	0,	0,	0,	0,	0,	0,	0,	0,	0,	0,	0,	0,	0,	0,	0,	0,	0,	0,	0,	0,	0,	0,	0,	0,	0,	0,	0,	0,	0,	0,	0,	0,	0,	0,	0,	0,	0,	0,	0,	0,	0,	0,	0,	0,	0,	0,	0,	0,	0,	0,	0,	-1,	-1,	0,	0,	0,	0,	0,	0,	0,	0,	0,	0,	0,	-1,	0,	0,	0,	0,	0,	0,	0,	0,	0,	0,	0,	0,	0,	0,	0,	0,	0,	0,	0,	0,	0,	0,	0,	0,	0,	0,	0,	0Art,	0,	0,	0,	0,	0,	0,	0,	0,	0,	0,	0,	0,	0,	0,	0,	0,	0,	0,	0,	0,	0,	0,	0,	0,	0,	0,	0,	0,	0,	0,	0,	0,	0,	0,	0,	-1,	0,	0,	0,	0,	0,	0,	0,	0,	0,	0,	0,	0,	0,	0,	0,	0,	0,	0,	0,	0,	0,	0,	0,	0,	0,	0,	0,	0,	0,	0,	0,	0,	0,	0,	0,	0,	0,	0,	0,	0,	0,	0,	0,	0,	0,	0,	0,	0,	0,	0,	0,	0,	0,	0,	0,	0,	0,	-1,	0,	-1,	0,	0,	0,	0,	0,	0,	0,	0,	0,	0,	0,	0,	0,	0,	0,	0,	0,	0,	0,	0,	0,	0,	0,	0,	0,	0,	0,	0,	0,	0,	0,	0,	0,	0,	0,	0,	0,	0,	0,	-1,	0,	0,	0,	0,	0,	0,	0,	0,	0,	0,	0,	0,	0,	0,	0,	0,	0,	0,	0,	0,	0,	0,	0,	0,	0,	0,	0,	0,	0,	0,	0,	0,	0,	0,	-1,	0,	0,	0,	0,	0,	0,	0,	0,	0,	0,	0,	0,	0,	0,	0,	0,	0,	0,	0,	0,	0,	0,	0,	0,	0,	0,	0,	0,	0,	0,	0,	0,	0,	0,	0,	0,	0,	0,	0,	0,	0,	0,	0,	0,	0,	0,	0,	0,	0,	0,	0,	0,	0,	0,	0,	0,	0,	0,	0,	0,	0Artificer,	0,	0,	4,	0,	3,	0,	0,	0,	0,	0,	0,	0,	242,	0,	0,	0,	0,	0,	0,	0,	0,	0,	0,	0,	0,	0,	0,	0,	0,	0,	0,	0,	0,	0,	0,	0,	0,	0,	0,	0,	0,	0,	0,	0,	0,	0,	0,	0,	0,	0,	0,	0,	0,	0,	0,	0,	-1,	-1,	16,	0,	-1,	0,	0,	0,	0,	10,	0,	0,	0,	0,	2,	0,	0,	0,	0,	0,	0,	0,	0,	2,	0,	24,	0,	0,	0,	0,	0,	-1,	0,	0,	0,	0,	0,	0,	0,	0,	0,	0,	0,	137,	0,	0,	0,	0,	0,	0,	0,	0,	0,	0,	0,	0,	0,	4,	0,	0,	0,	0,	0,	0,	0,	0,	0,	0,	0,	0,	0,	0,	0,	0,	0,	2,	0,	0,	0,	0,	0,	0,	0,	0,	0,	0,	0,	0,	0,	0,	0,	2,	0,	0,	0,	0,	0,	0,	0,	0,	16,	0,	0,	0,	0,	0,	0,	0,	0,	0,	0,	0,	0,	0,	3,	3,	0,	0,	0,	0,	0,	0,	0,	-1,	0,	2,	0,	0,	0,	0,	0,	-1,	0,	0,	0,	0,	0,	0,	0,	0,	0,	0,	0,	0,	0,	-1,	0,	0,	0,	0,	0,	0,	0,	0,	0,	0,	0,	0,	0,	0,	0,	14,	0,	0,	0,	0,	0,	0,	0,	0,	0,	0,	0,	0,	0,	0Assassin,	0,	0,	0,	0,	2,	0,	0,	0,	0,	0,	0,	0,	0,	135,	0,	-1,	0,	-1,	0,	0,	0,	-1,	0,	0,	0,	0,	0,	0,	0,	0,	0,	0,	0,	-1,	0,	0,	0,	0,	0,	0,	0,	0,	0,	0,	0,	0,	0,	0,	0,	0,	0,	0,	0,	0,	0,	0,	0,	0,	0,	0,	0,	0,	-1,	0,	0,	7,	0,	0,	0,	0,	2,	0,	0,	0,	0,	0,	0,	0,	0,	0,	0,	3,	0,	0,	4,	0,	0,	0,	0,	0,	0,	0,	0,	0,	0,	0,	0,	0,	0,	82,	0,	0,	0,	0,	3,	0,	0,	0,	0,	0,	0,	0,	0,	0,	0,	-1,	0,	0,	0,	0,	4,	0,	0,	-1,	0,	0,	0,	0,	0,	0,	0,	0,	0,	0,	0,	0,	0,	0,	0,	0,	0,	0,	0,	0,	0,	0,	0,	0,	0,	0,	0,	0,	0,	0,	0,	0,	4,	0,	3,	0,	0,	0,	0,	0,	0,	-1,	0,	0,	-1,	0,	0,	2,	0,	0,	0,	0,	0,	0,	0,	0,	0,	0,	0,	0,	0,	0,	0,	0,	0,	0,	0,	0,	0,	0,	0,	0,	0,	0,	0,	0,	0,	0,	0,	0,	-1,	0,	0,	0,	0,	0,	0,	0,	0,	0,	0,	0,	15,	0,	0,	0,	3,	0,	0,	0,	0,	0,	0,	0,	0,	0,	0,	7Assembly-Worker,	0,	0,	0,	0,	0,	0,	0,	0,	0,	0,	0,	0,	0,	0,	12,	0,	0,	0,	0,	0,	0,	0,	0,	0,	0,	0,	0,	0,	0,	0,	0,	0,	0,	0,	0,	0,	0,	0,	0,	-1,	0,	0,	0,	0,	0,	0,	0,	0,	0,	0,	0,	0,	0,	0,	0,	0,	-1,	0,	0,	0,	0,	-1,	-1,	-1,	0,	0,	0,	0,	0,	0,	0,	0,	-1,	0,	0,	0,	0,	0,	0,	0,	0,	0,	0,	0,	0,	0,	0,	0,	0,	0,	0,	0,	0,	0,	0,	0,	0,	0,	0,	0,	0,	0,	0,	0,	0,	0,	0,	0,	0,	0,	0,	0,	0,	0,	0,	0,	0,	0,	0,	0,	0,	0,	0,	0,	0,	0,	0,	0,	0,	0,	0,	0,	0,	0,	0,	0,	0,	-1,	0,	0,	0,	0,	0,	0,	0,	0,	0,	0,	0,	0,	0,	0,	0,	0,	0,	0,	0,	0,	0,	0,	0,	0,	0,	0,	0,	0,	0,	0,	0,	0,	0,	0,	0,	0,	0,	0,	0,	0,	0,	0,	0,	0,	-1,	0,	-1,	0,	-1,	0,	-1,	0,	-1,	0,	0,	0,	0,	0,	0,	0,	0,	0,	0,	0,	0,	0,	0,	0,	0,	0,	0,	0,	0,	-1,	0,	0,	0,	0,	0,	-1,	0,	0,	0,	-1,	0,	0,	0,	0,	-1,	0,	0,	-1,	0,	0Astartes,	0,	0,	0,	0,	0,	0,	0,	0,	0,	0,	0,	0,	0,	-1,	0,	-1,	-1,	0,	0,	0,	0,	-1,	0,	0,	0,	0,	0,	0,	0,	0,	0,	0,	-1,	0,	2,	0,	0,	0,	0,	0,	0,	0,	-1,	0,	0,	0,	0,	0,	0,	0,	0,	0,	0,	0,	0,	0,	0,	0,	0,	0,	0,	0,	0,	0,	0,	0,	-1,	0,	0,	0,	0,	0,	0,	0,	0,	0,	0,	0,	0,	0,	0,	0,	0,	0,	0,	0,	0,	0,	0,	0,	0,	0,	0,	0,	0,	0,	0,	0,	0,	0,	0,	0,	0,	0,	0,	0,	0,	0,	0,	0,	0,	0,	0,	0,	0,	0,	0,	0,	0,	0,	0,	0,	0,	0,	0,	0,	0,	0,	0,	0,	0,	0,	0,	0,	0,	0,	0,	0,	0,	0,	0,	0,	0,	0,	0,	0,	0,	0,	0,	0,	0,	0,	0,	0,	0,	0,	0,	0,	0,	0,	0,	0,	0,	0,	0,	0,	0,	0,	0,	0,	0,	0,	0,	0,	0,	0,	0,	0,	0,	0,	0,	0,	0,	0,	0,	0,	0,	0,	0,	0,	0,	0,	0,	0,	0,	0,	0,	0,	0,	0,	0,	0,	0,	0,	0,	0,	0,	0,	0,	0,	0,	0,	0,	0,	0,	0,	0,	0,	0,	0,	13,	0,	0,	0,	0,	-1,	0,	0,	0,	0,	0,	0Aura,	0,	0,	0,	0,	0,	0,	0,	0,	0,	0,	0,	0,	0,	0,	0,	-1,	0,	0,	0,	0,	0,	0,	0,	0,	-1,	0,	0,	0,	0,	-1,	0,	0,	0,	0,	0,	0,	0,	0,	0,	0,	0,	0,	0,	0,	0,	0,	0,	0,	0,	0,	0,	0,	0,	0,	0,	0,	0,	0,	-1,	-1,	0,	0,	0,	0,	0,	-1,	0,	-1,	0,	0,	0,	0,	0,	-1,	0,	0,	0,	-1,	0,	0,	0,	0,	0,	0,	0,	0,	0,	0,	0,	0,	0,	0,	0,	0,	0,	0,	0,	0,	0,	0,	0,	0,	0,	-1,	0,	0,	0,	0,	0,	-1,	0,	0,	0,	0,	0,	0,	0,	0,	0,	0,	0,	0,	0,	0,	0,	0,	0,	0,	0,	0,	0,	0,	0,	0,	0,	0,	0,	0,	0,	0,	0,	0,	0,	0,	0,	0,	0,	0,	0,	0,	0,	0,	0,	0,	0,	0,	0,	0,	0,	0,	0,	0,	0,	0,	0,	0,	0,	0,	0,	0,	0,	0,	0,	0,	0,	0,	0,	0,	0,	0,	0,	0,	0,	-1,	0,	-1,	0,	0,	0,	0,	0,	0,	0,	0,	0,	0,	0,	0,	0,	0,	0,	0,	0,	0,	0,	0,	0,	0,	0,	0,	0,	0,	0,	0,	0,	0,	0,	0,	0,	0,	0,	0,	0,	0,	0,	0,	0,	0,	0,	0,	0,	0Avatar,	0,	0,	0,	0,	0,	0,	0,	0,	0,	0,	0,	0,	0,	-1,	0,	0,	0,	117,	0,	0,	0,	0,	0,	0,	0,	0,	0,	0,	0,	3,	0,	0,	0,	0,	2,	0,	0,	0,	0,	0,	0,	0,	0,	0,	0,	3,	0,	0,	0,	4,	0,	0,	0,	5,	0,	0,	0,	0,	0,	0,	0,	0,	0,	4,	0,	0,	0,	0,	0,	0,	0,	0,	0,	0,	0,	0,	0,	0,	0,	0,	0,	0,	0,	0,	0,	0,	0,	0,	0,	0,	0,	0,	0,	0,	0,	0,	0,	9,	0,	0,	0,	0,	0,	0,	0,	0,	0,	0,	0,	0,	0,	0,	0,	0,	0,	0,	0,	0,	0,	0,	0,	0,	0,	0,	0,	0,	0,	0,	0,	0,	0,	0,	0,	0,	0,	0,	0,	0,	0,	0,	0,	0,	0,	0,	0,	0,	0,	0,	0,	0,	0,	0,	0,	0,	0,	0,	0,	0,	0,	0,	0,	2,	0,	0,	0,	0,	0,	0,	0,	0,	0,	0,	0,	0,	0,	0,	0,	0,	0,	0,	0,	0,	0,	0,	0,	0,	0,	0,	0,	0,	0,	0,	0,	0,	0,	0,	0,	0,	0,	-1,	10,	0,	0,	0,	-1,	0,	-1,	0,	0,	0,	0,	0,	0,	0,	0,	0,	0,	0,	0,	0,	0,	0,	0,	0,	12,	0,	0,	0,	0,	0,	0,	0Azra,	0,	0,	0,	0,	0,	0,	0,	0,	0,	0,	-1,	0,	0,	0,	0,	0,	0,	0,	9,	0,	0,	0,	0,	0,	0,	0,	0,	0,	0,	0,	0,	0,	0,	0,	0,	0,	0,	0,	0,	0,	0,	0,	0,	0,	0,	0,	0,	0,	0,	0,	0,	0,	0,	0,	0,	0,	0,	0,	0,	0,	0,	0,	0,	0,	0,	0,	0,	0,	0,	0,	0,	0,	0,	0,	0,	0,	0,	0,	0,	0,	0,	0,	0,	0,	0,	0,	0,	0,	0,	0,	0,	0,	0,	0,	0,	0,	0,	0,	0,	0,	0,	0,	0,	0,	0,	0,	0,	0,	0,	0,	0,	0,	0,	0,	0,	0,	0,	0,	0,	0,	0,	0,	0,	0,	0,	0,	0,	0,	0,	0,	0,	0,	0,	0,	0,	0,	0,	0,	0,	0,	0,	0,	0,	0,	0,	0,	0,	0,	0,	0,	0,	0,	0,	0,	0,	0,	0,	0,	0,	0,	0,	0,	0,	0,	0,	0,	0,	0,	0,	0,	0,	0,	0,	0,	0,	0,	0,	0,	0,	0,	0,	0,	0,	0,	0,	0,	0,	0,	0,	0,	0,	0,	0,	0,	0,	0,	0,	0,	0,	0,	0,	0,	0,	0,	0,	0,	0,	0,	0,	0,	0,	0,	0,	0,	0,	0,	0,	0,	0,	0,	5,	0,	0,	0,	0,	0,	0,	0,	0,	0,	0,	0Badger,	0,	0,	0,	0,	0,	0,	0,	0,	0,	0,	0,	0,	0,	0,	0,	0,	0,	0,	0,	10,	0,	0,	0,	0,	0,	2,	0,	0,	0,	0,	0,	0,	0,	0,	0,	0,	0,	0,	0,	0,	0,	0,	0,	-1,	0,	0,	0,	0,	0,	0,	0,	0,	0,	0,	0,	0,	0,	0,	0,	0,	0,	0,	0,	0,	0,	0,	0,	0,	0,	-1,	0,	0,	0,	0,	0,	0,	0,	0,	0,	0,	0,	0,	0,	0,	0,	0,	0,	0,	0,	0,	0,	0,	0,	0,	0,	0,	0,	0,	0,	0,	0,	0,	0,	0,	0,	0,	0,	0,	0,	0,	0,	0,	0,	0,	0,	0,	0,	0,	0,	0,	0,	0,	0,	0,	0,	0,	0,	0,	0,	0,	0,	0,	0,	0,	0,	0,	0,	0,	0,	0,	0,	0,	0,	0,	0,	0,	0,	0,	0,	0,	0,	0,	0,	0,	0,	0,	0,	0,	0,	0,	0,	0,	0,	0,	0,	0,	0,	0,	0,	0,	0,	0,	0,	0,	0,	0,	0,	0,	0,	0,	0,	0,	0,	0,	0,	0,	0,	0,	0,	0,	0,	0,	0,	-1,	0,	0,	0,	0,	-1,	0,	0,	0,	0,	0,	0,	0,	0,	0,	0,	0,	0,	0,	0,	0,	0,	0,	0,	0,	0,	0,	0,	0,	0,	0,	0,	0,	0,	0,	0,	0,	0,	0Barbarian,	0,	0,	0,	0,	0,	0,	0,	0,	0,	0,	0,	0,	0,	0,	0,	0,	0,	0,	0,	0,	43,	0,	0,	0,	0,	0,	0,	0,	0,	0,	0,	0,	0,	0,	0,	0,	0,	0,	0,	0,	0,	0,	0,	0,	0,	0,	0,	0,	0,	0,	0,	0,	0,	3,	0,	0,	0,	0,	3,	0,	0,	0,	0,	0,	0,	0,	0,	0,	0,	0,	0,	0,	0,	0,	0,	0,	0,	0,	0,	0,	0,	0,	0,	0,	0,	0,	0,	0,	0,	0,	0,	0,	0,	0,	0,	-1,	0,	0,	0,	29,	0,	0,	0,	0,	0,	0,	0,	0,	0,	0,	0,	0,	0,	0,	0,	0,	0,	0,	0,	0,	0,	0,	0,	0,	0,	0,	0,	0,	0,	0,	0,	0,	0,	0,	0,	0,	0,	0,	0,	0,	0,	0,	0,	0,	0,	0,	0,	0,	0,	0,	0,	0,	0,	0,	0,	0,	0,	0,	0,	0,	0,	0,	0,	0,	0,	0,	0,	0,	0,	0,	0,	0,	0,	0,	0,	0,	0,	0,	0,	0,	0,	0,	0,	0,	0,	0,	0,	0,	0,	0,	0,	0,	0,	3,	0,	0,	0,	0,	0,	0,	0,	0,	0,	0,	0,	0,	-1,	0,	0,	0,	0,	-1,	0,	0,	0,	0,	0,	0,	-1,	0,	-1,	0,	0,	0,	0,	0,	0,	0,	-1,	0,	0,	2Bard,	0,	0,	0,	0,	0,	0,	0,	0,	0,	0,	0,	0,	0,	-1,	0,	-1,	0,	0,	0,	0,	0,	-1,	0,	0,	0,	0,	0,	2,	0,	0,	0,	0,	0,	0,	0,	2,	0,	0,	0,	0,	0,	0,	0,	0,	0,	0,	0,	0,	0,	0,	0,	0,	0,	4,	0,	0,	0,	0,	0,	0,	0,	0,	-1,	0,	0,	4,	0,	0,	0,	0,	0,	0,	0,	0,	0,	-1,	0,	0,	0,	0,	0,	0,	0,	0,	0,	0,	0,	0,	0,	0,	0,	0,	0,	0,	0,	0,	0,	0,	0,	14,	0,	0,	0,	0,	0,	0,	0,	0,	0,	0,	0,	0,	0,	0,	0,	0,	0,	0,	0,	0,	0,	0,	0,	0,	0,	0,	0,	0,	0,	0,	0,	0,	0,	2,	0,	0,	0,	0,	0,	0,	0,	0,	0,	0,	0,	0,	0,	0,	0,	0,	0,	0,	0,	0,	0,	0,	0,	0,	0,	0,	0,	0,	0,	0,	3,	0,	0,	0,	0,	0,	2,	2,	0,	0,	0,	0,	0,	0,	0,	0,	0,	0,	0,	0,	0,	0,	0,	0,	0,	0,	0,	0,	0,	0,	0,	0,	0,	-1,	0,	0,	0,	0,	0,	0,	0,	0,	0,	0,	0,	0,	0,	0,	0,	0,	0,	0,	0,	0,	0,	2,	0,	0,	0,	0,	0,	0,	0,	0,	0,	0,	0,	0Basilisk,	0,	0,	0,	0,	0,	0,	0,	0,	0,	0,	0,	0,	0,	0,	0,	0,	0,	0,	0,	0,	0,	0,	13,	0,	0,	0,	0,	0,	0,	0,	0,	0,	0,	0,	0,	0,	0,	0,	0,	0,	0,	0,	0,	0,	0,	0,	0,	0,	0,	0,	0,	0,	0,	0,	0,	0,	0,	0,	0,	0,	0,	0,	0,	0,	0,	0,	0,	0,	0,	0,	0,	0,	0,	0,	0,	0,	0,	0,	0,	0,	0,	0,	0,	0,	0,	0,	0,	0,	0,	0,	0,	0,	0,	0,	0,	0,	0,	0,	0,	0,	0,	0,	0,	0,	0,	0,	0,	0,	0,	0,	0,	0,	0,	0,	0,	0,	0,	0,	0,	0,	0,	0,	0,	0,	0,	0,	0,	0,	0,	0,	0,	0,	0,	0,	0,	0,	0,	0,	0,	0,	0,	0,	0,	0,	0,	0,	-1,	0,	0,	0,	0,	0,	0,	0,	0,	0,	0,	0,	0,	0,	0,	0,	0,	0,	0,	0,	0,	0,	0,	0,	0,	0,	0,	0,	0,	0,	0,	0,	0,	0,	0,	0,	0,	0,	0,	0,	0,	0,	0,	0,	0,	0,	0,	0,	0,	0,	0,	0,	0,	0,	0,	0,	0,	0,	0,	0,	0,	0,	0,	0,	0,	0,	0,	0,	0,	0,	0,	0,	0,	0,	0,	0,	0,	0,	0,	0,	0,	0,	0,	0,	0,	0Bat,	0,	0,	0,	0,	0,	0,	0,	0,	0,	0,	0,	0,	0,	0,	0,	0,	0,	0,	0,	0,	0,	0,	0,	46,	0,	0,	0,	0,	0,	0,	0,	0,	0,	0,	7,	0,	0,	0,	0,	0,	0,	0,	0,	0,	0,	0,	0,	0,	0,	0,	0,	0,	0,	0,	0,	0,	0,	0,	0,	0,	0,	0,	0,	0,	0,	0,	0,	0,	0,	0,	0,	0,	0,	0,	0,	0,	0,	0,	0,	0,	0,	0,	0,	0,	0,	0,	0,	0,	0,	0,	0,	0,	0,	0,	0,	0,	-1,	-1,	0,	0,	0,	0,	0,	0,	0,	0,	0,	0,	0,	0,	0,	0,	0,	0,	0,	0,	0,	0,	0,	0,	0,	0,	0,	0,	0,	0,	0,	0,	0,	0,	0,	0,	0,	0,	0,	0,	0,	0,	0,	0,	0,	0,	0,	0,	0,	0,	0,	0,	0,	0,	0,	0,	0,	0,	0,	0,	2,	0,	0,	0,	0,	0,	0,	0,	0,	0,	0,	0,	0,	0,	0,	0,	0,	0,	0,	0,	0,	0,	0,	0,	0,	0,	0,	0,	0,	0,	0,	0,	0,	0,	0,	0,	0,	0,	0,	0,	0,	0,	0,	0,	0,	0,	0,	0,	0,	0,	0,	0,	0,	0,	0,	0,	0,	0,	0,	0,	0,	0,	0,	3,	0,	0,	0,	0,	0,	0,	0,	0,	0,	0,	0,	2Bear,	0,	0,	0,	0,	0,	0,	0,	0,	0,	0,	0,	0,	0,	0,	0,	0,	-1,	0,	0,	0,	0,	0,	0,	0,	0,	0,	0,	2,	0,	0,	0,	0,	0,	0,	0,	0,	0,	0,	0,	0,	0,	0,	0,	0,	0,	0,	0,	0,	0,	0,	0,	0,	0,	0,	0,	0,	4,	0,	0,	0,	0,	0,	0,	2,	0,	0,	0,	0,	0,	0,	0,	0,	0,	0,	0,	0,	0,	0,	0,	0,	0,	0,	0,	0,	0,	0,	0,	0,	0,	0,	0,	0,	0,	0,	0,	0,	0,	0,	0,	2,	0,	0,	0,	0,	0,	0,	0,	0,	0,	0,	0,	0,	0,	0,	0,	0,	0,	0,	0,	0,	0,	0,	0,	0,	0,	0,	0,	0,	0,	0,	0,	0,	0,	0,	3,	0,	0,	0,	0,	0,	0,	0,	0,	0,	0,	0,	0,	0,	0,	0,	0,	0,	0,	0,	0,	0,	0,	0,	0,	0,	0,	0,	0,	0,	0,	0,	0,	0,	0,	0,	0,	0,	0,	0,	0,	0,	0,	0,	0,	0,	0,	0,	0,	0,	0,	0,	0,	0,	0,	0,	0,	0,	0,	0,	0,	0,	0,	0,	0,	0,	4,	0,	0,	0,	0,	0,	0,	0,	0,	0,	0,	0,	0,	0,	0,	0,	0,	0,	0,	0,	0,	0,	0,	0,	0,	0,	0,	0,	0,	0,	0,	2Beast,	0,	0,	0,	0,	0,	0,	2,	0,	0,	0,	0,	0,	0,	0,	0,	0,	0,	0,	0,	2,	0,	0,	0,	0,	0,	520,	0,	5,	12,	23,	0,	0,	0,	0,	0,	0,	0,	0,	0,	0,	2,	0,	0,	0,	0,	2,	0,	0,	0,	12,	0,	0,	0,	0,	2,	0,	0,	0,	0,	0,	0,	0,	3,	15,	0,	0,	2,	0,	0,	0,	0,	3,	0,	0,	10,	5,	0,	0,	0,	0,	5,	0,	0,	0,	0,	0,	0,	0,	0,	0,	0,	2,	3,	0,	0,	0,	0,	5,	0,	2,	2,	0,	0,	0,	2,	0,	2,	0,	0,	0,	0,	0,	0,	0,	0,	0,	0,	0,	0,	0,	2,	0,	0,	0,	0,	0,	0,	0,	0,	0,	0,	0,	5,	0,	5,	0,	0,	12,	0,	0,	4,	0,	0,	0,	0,	0,	0,	0,	0,	0,	0,	0,	0,	0,	0,	0,	27,	0,	0,	0,	2,	0,	0,	3,	0,	0,	0,	0,	4,	0,	0,	0,	0,	0,	0,	0,	0,	0,	0,	0,	0,	0,	0,	0,	0,	0,	2,	0,	0,	0,	0,	0,	0,	0,	0,	0,	0,	0,	0,	0,	2,	0,	3,	0,	0,	0,	0,	0,	0,	0,	0,	0,	0,	0,	0,	0,	0,	0,	0,	0,	2,	0,	0,	0,	0,	0,	2,	0,	0,	0,	0,	12Berserker,	0,	0,	0,	0,	2,	3,	0,	0,	0,	0,	0,	0,	0,	0,	0,	0,	0,	0,	0,	0,	0,	0,	0,	0,	0,	0,	132,	0,	0,	0,	0,	0,	0,	0,	0,	0,	0,	0,	0,	0,	0,	0,	0,	2,	0,	4,	0,	0,	0,	0,	0,	0,	0,	0,	0,	0,	0,	0,	8,	0,	0,	0,	0,	0,	0,	7,	0,	0,	0,	0,	0,	0,	0,	0,	0,	0,	0,	0,	6,	0,	0,	16,	0,	0,	0,	0,	0,	