--- TYPE OVERLAP MATRIX: ---
--,	Human,	Spirit,	Zombie,	Elf,	Beast,	Goblin,	Vampire,	Dragon,	Bird,	Horror,	Cat,	Merfolk,	Angel,	Insect,	Giant,	Eldrazi,	Dinosaur,	Snake,	Werewolf,	Lizard,	Dog,	Ogre,	Dwarf,	Sliver,	Wurm,	Minotaur,	Drake,	Treefolk,	Orc,	Rat,	Spider,	Kor,	Elephant,	Wolf,	Faerie,	Sphinx,	Centaur,	Vedalken,	Frog,	Hydra,	Kithkin,	Djinn,	Devil,	God,	Rhino,	Troll,	Ninja,	Boar,	Dryad,	Fish,	Horse,	Peasant,	Bat,	Fox,	Myr,	Imp,	Bear,	Octopus,	Turtle,	Squirrel,	Wizard,	Warrior,	Soldier,	Cleric,	Rogue,	Shaman,	Knight,	Druid,	Scout,	Artificer,	Pirate,	Warlock,	Wall,	Monk,	Assassin,	Berserker,	Advisor,	Archer,	Detective,	Mercenary,	Samurai,	Citizen,	Ranger,	Rebel,	Spellshaper,	Barbarian,	Pilot,	Elemental,	Phyrexian,	Demon,	Noble,	Shapeshifter,	Avatar,	Illusion,	Ally,	Nightmare,	Plant,	Mutant,	Fungus,	Robot,	Minion,	Lord
Human,	3782,	2,	0,	13,	-1,	0,	0,	0,	0,	7,	0,	0,	0,	0,	0,	0,	0,	0,	67,	0,	0,	0,	0,	0,	0,	0,	0,	0,	0,	0,	0,	0,	-1,	0,	5,	0,	-1,	0,	0,	0,	0,	0,	0,	2,	0,	0,	23,	0,	0,	0,	0,	31,	0,	0,	0,	0,	2,	0,	0,	0,	564,	313,	552,	347,	203,	143,	296,	109,	86,	137,	91,	70,	0,	82,	82,	42,	74,	42,	30,	32,	50,	26,	29,	40,	37,	29,	15,	0,	28,	0,	43,	2,	0,	0,	35,	0,	0,	10,	0,	0,	17,	0
Spirit,	2,	678,	0,	2,	2,	0,	3,	-1,	13,	4,	7,	0,	7,	0,	-1,	0,	0,	0,	0,	-1,	2,	3,	0,	0,	0,	0,	0,	3,	0,	0,	0,	4,	0,	6,	0,	0,	2,	0,	2,	0,	0,	0,	0,	0,	0,	0,	0,	0,	0,	0,	2,	0,	0,	0,	0,	0,	4,	0,	0,	0,	4,	8,	20,	18,	2,	0,	9,	0,	0,	0,	4,	2,	0,	0,	0,	0,	4,	0,	4,	0,	0,	0,	0,	0,	0,	0,	0,	14,	0,	13,	2,	0,	10,	0,	0,	0,	0,	0,	0,	0,	2,	0
Zombie,	0,	0,	618,	9,	12,	6,	0,	4,	10,	26,	8,	2,	0,	0,	16,	0,	2,	9,	0,	2,	4,	5,	0,	0,	4,	8,	5,	2,	0,	5,	0,	0,	0,	0,	0,	0,	2,	0,	2,	0,	0,	0,	0,	4,	0,	0,	0,	0,	0,	0,	2,	0,	2,	0,	0,	0,	2,	0,	2,	0,	52,	35,	15,	20,	3,	3,	23,	4,	2,	0,	0,	5,	2,	0,	7,	3,	3,	0,	2,	6,	0,	0,	0,	0,	0,	2,	0,	2,	37,	0,	2,	0,	0,	0,	0,	0,	6,	9,	3,	0,	2,	0
Elf,	13,	2,	9,	616,	0,	0,	0,	0,	0,	0,	0,	0,	0,	0,	0,	0,	0,	3,	0,	2,	0,	0,	0,	0,	0,	0,	0,	0,	0,	0,	0,	0,	0,	0,	0,	0,	0,	0,	0,	0,	0,	0,	0,	0,	0,	0,	0,	0,	0,	0,	0,	0,	0,	2,	0,	0,	0,	0,	0,	0,	24,	108,	8,	18,	21,	68,	15,	127,	51,	10,	0,	5,	0,	3,	7,	7,	4,	31,	7,	0,	0,	3,	16,	0,	3,	0,	2,	0,	17,	0,	22,	0,	0,	0,	14,	0,	0,	5,	0,	0,	0,	0
Beast,	-1,	2,	12,	0,	520,	0,	0,	0,	5,	5,	23,	0,	0,	2,	0,	3,	12,	0,	0,	2,	0,	0,	0,	0,	0,	0,	2,	0,	0,	0,	0,	0,	0,	0,	0,	0,	0,	0,	10,	2,	0,	0,	0,	0,	4,	0,	0,	12,	0,	3,	0,	0,	0,	0,	0,	0,	0,	0,	0,	0,	0,	2,	0,	0,	0,	0,	0,	0,	0,	0,	0,	0,	0,	0,	0,	0,	0,	0,	0,	0,	0,	0,	0,	0,	0,	0,	0,	15,	27,	2,	4,	0,	0,	0,	0,	12,	2,	5,	5,	0,	0,	0
Goblin,	0,	0,	6,	0,	0,	498,	0,	0,	0,	0,	0,	0,	0,	0,	0,	0,	0,	0,	0,	0,	0,	0,	0,	0,	0,	0,	0,	0,	0,	0,	0,	0,	0,	0,	0,	0,	0,	0,	0,	0,	0,	0,	0,	0,	0,	0,	0,	0,	0,	0,	0,	0,	0,	0,	0,	0,	0,	0,	0,	0,	17,	116,	11,	0,	0,	60,	5,	2,	10,	24,	16,	2,	0,	0,	3,	16,	2,	2,	0,	3,	3,	2,	0,	0,	2,	0,	3,	0,	7,	0,	2,	0,	0,	0,	7,	0,	0,	8,	0,	0,	0,	0
Vampire,	0,	3,	0,	0,	0,	0,	431,	2,	0,	4,	0,	0,	2,	0,	0,	0,	0,	0,	0,	0,	0,	0,	0,	0,	0,	0,	0,	0,	0,	0,	0,	0,	0,	0,	0,	0,	0,	0,	0,	0,	0,	0,	0,	0,	0,	0,	0,	0,	0,	0,	0,	0,	0,	0,	0,	-1,	0,	0,	0,	0,	17,	26,	32,	34,	37,	16,	35,	0,	3,	0,	0,	10,	0,	0,	0,	8,	0,	2,	3,	0,	0,	0,	0,	0,	0,	0,	0,	0,	-1,	4,	26,	0,	0,	0,	10,	0,	0,	0,	0,	0,	0,	0
Dragon,	0,	-1,	4,	0,	0,	0,	2,	408,	0,	0,	5,	0,	0,	0,	0,	0,	2,	0,	0,	0,	0,	0,	0,	0,	2,	0,	0,	0,	0,	0,	0,	0,	0,	0,	0,	0,	0,	-1,	0,	0,	0,	0,	0,	0,	0,	0,	0,	0,	0,	0,	0,	0,	0,	0,	0,	0,	0,	0,	2,	0,	7,	5,	0,	-1,	0,	4,	0,	2,	0,	0,	0,	0,	0,	0,	0,	-1,	0,	0,	0,	0,	0,	0,	2,	0,	0,	3,	0,	0,	5,	3,	3,	0,	-1,	3,	0,	-1,	0,	0,	-1,	0,	0,	0
Bird,	0,	13,	10,	0,	5,	0,	0,	0,	407,	5,	2,	0,	0,	0,	0,	0,	0,	0,	0,	0,	0,	0,	0,	0,	0,	0,	0,	0,	0,	0,	0,	0,	0,	0,	0,	0,	0,	0,	0,	0,	0,	0,	0,	0,	0,	0,	0,	0,	0,	0,	0,	0,	0,	0,	0,	0,	2,	0,	0,	0,	36,	17,	57,	0,	-1,	4,	4,	0,	14,	0,	0,	2,	0,	2,	0,	0,	5,	0,	0,	0,	0,	4,	0,	2,	0,	0,	0,	4,	8,	2,	4,	0,	0,	2,	0,	2,	0,	2,	0,	0,	0,	0
Horror,	7,	4,	26,	0,	5,	0,	4,	0,	5,	329,	0,	0,	4,	12,	0,	6,	0,	0,	7,	0,	0,	0,	0,	0,	0,	0,	0,	0,	0,	0,	0,	0,	0,	0,	0,	0,	0,	0,	6,	0,	0,	0,	0,	0,	0,	0,	0,	0,	2,	0,	0,	0,	0,	0,	0,	0,	0,	0,	0,	0,	0,	0,	0,	0,	0,	0,	0,	-1,	-1,	0,	0,	0,	0,	0,	0,	0,	0,	0,	0,	9,	0,	0,	-1,	0,	2,	0,	0,	4,	52,	0,	0,	0,	9,	0,	0,	11,	0,	0,	3,	0,	0,	0
Cat,	0,	7,	8,	0,	23,	0,	0,	5,	2,	0,	316,	0,	0,	0,	0,	0,	3,	0,	0,	0,	2,	0,	0,	0,	0,	0,	0,	0,	0,	0,	0,	0,	0,	0,	0,	0,	0,	0,	0,	0,	0,	0,	0,	0,	0,	0,	0,	0,	0,	0,	0,	0,	0,	0,	0,	0,	0,	0,	0,	0,	2,	36,	24,	16,	4,	0,	10,	3,	5,	0,	0,	0,	0,	4,	0,	0,	4,	0,	0,	0,	0,	6,	2,	3,	0,	0,	0,	15,	5,	0,	0,	0,	3,	0,	0,	6,	0,	0,	0,	0,	0,	0
Merfolk,	0,	0,	2,	0,	0,	0,	0,	0,	0,	0,	0,	298,	0,	0,	0,	0,	0,	0,	0,	0,	0,	0,	0,	0,	0,	0,	0,	0,	0,	0,	0,	0,	0,	0,	0,	-1,	0,	0,	0,	0,	0,	0,	0,	0,	0,	0,	0,	0,	0,	0,	0,	0,	0,	0,	0,	0,	0,	0,	0,	0,	113,	18,	21,	4,	36,	17,	3,	4,	26,	0,	2,	0,	0,	0,	0,	0,	0,	0,	3,	0,	0,	0,	0,	0,	2,	0,	0,	0,	2,	0,	5,	0,	0,	0,	5,	0,	0,	2,	0,	0,	0,	0
Angel,	0,	7,	0,	0,	0,	0,	2,	0,	0,	4,	0,	0,	268,	0,	0,	2,	0,	0,	0,	0,	0,	0,	0,	0,	0,	0,	0,	0,	0,	0,	0,	0,	0,	0,	0,	0,	0,	0,	0,	0,	0,	0,	0,	0,	0,	0,	0,	0,	0,	0,	0,	0,	0,	0,	0,	0,	0,	0,	0,	0,	2,	10,	6,	10,	0,	0,	3,	0,	0,	-1,	0,	0,	0,	0,	0,	3,	3,	0,	2,	-1,	0,	-1,	0,	0,	0,	0,	0,	0,	10,	0,	0,	0,	0,	0,	3,	0,	0,	0,	0,	0,	0,	-1
Insect,	0,	0,	0,	0,	2,	0,	0,	0,	0,	12,	0,	0,	0,	246,	-1,	4,	0,	0,	0,	0,	0,	0,	0,	0,	0,	0,	0,	0,	0,	0,	0,	0,	0,	0,	0,	0,	0,	0,	0,	0,	0,	0,	0,	0,	0,	0,	0,	0,	0,	0,	0,	0,	0,	0,	0,	0,	0,	0,	0,	0,	2,	5,	0,	0,	0,	3,	0,	13,	2,	0,	0,	0,	0,	2,	3,	0,	0,	0,	0,	0,	0,	0,	0,	0,	0,	0,	0,	2,	16,	0,	0,	0,	0,	0,	0,	0,	0,	4,	0,	0,	0,	0
Giant,	0,	-1,	16,	0,	0,	0,	0,	0,	0,	0,	0,	0,	0,	-1,	225,	0,	0,	0,	0,	0,	0,	0,	0,	0,	0,	0,	0,	0,	0,	0,	0,	0,	0,	0,	0,	0,	0,	0,	0,	0,	0,	0,	0,	0,	0,	0,	0,	0,	0,	0,	0,	0,	0,	0,	0,	0,	0,	0,	0,	0,	13,	42,	20,	2,	4,	9,	3,	3,	2,	0,	0,	0,	0,	0,	0,	6,	0,	0,	0,	0,	0,	0,	0,	0,	0,	0,	0,	3,	3,	0,	2,	0,	0,	0,	0,	0,	0,	0,	0,	0,	0,	0
Eldrazi,	0,	0,	0,	0,	3,	0,	0,	0,	0,	6,	0,	0,	2,	4,	0,	190,	0,	0,	7,	0,	0,	0,	0,	0,	0,	0,	0,	0,	0,	0,	0,	0,	0,	0,	0,	0,	0,	0,	0,	0,	0,	0,	0,	0,	0,	0,	0,	2,	0,	0,	0,	0,	0,	0,	0,	0,	0,	0,	0,	0,	0,	0,	0,	0,	0,	0,	0,	0,	0,	0,	0,	0,	0,	0,	0,	0,	0,	0,	0,	0,	0,	0,	0,	0,	0,	0,	0,	0,	0,	0,	0,	0,	0,	0,	0,	0,	0,	0,	0,	0,	0,	0
Dinosaur,	0,	0,	2,	0,	12,	0,	0,	2,	0,	0,	3,	0,	0,	0,	0,	0,	201,	0,	0,	0,	0,	0,	0,	0,	0,	0,	0,	0,	0,	0,	0,	0,	0,	0,	0,	0,	0,	0,	0,	0,	0,	0,	0,	0,	0,	0,	0,	0,	0,	0,	0,	0,	0,	0,	0,	0,	0,	0,	2,	0,	0,	0,	0,	0,	0,	0,	0,	0,	0,	0,	0,	0,	0,	0,	0,	0,	0,	0,	0,	0,	0,	0,	0,	0,	0,	0,	0,	5,	3,	0,	0,	0,	4,	0,	0,	2,	0,	2,	2,	0,	0,	0
Snake,	0,	0,	9,	3,	0,	0,	0,	0,	0,	0,	0,	0,	0,	0,	0,	0,	0,	175,	0,	0,	0,	0,	0,	0,	0,	0,	0,	0,	0,	0,	0,	0,	0,	0,	0,	0,	0,	0,	0,	4,	0,	0,	0,	0,	0,	0,	5,	0,	0,	0,	0,	0,	0,	0,	0,	0,	0,	0,	0,	0,	15,	16,	0,	6,	4,	15,	0,	11,	2,	0,	0,	2,	0,	3,	0,	0,	0,	5,	0,	0,	2,	0,	2,	0,	0,	0,	0,	2,	3,	0,	0,	0,	0,	0,	0,	0,	0,	0,	0,	0,	0,	0
Werewolf,	67,	0,	0,	0,	0,	0,	0,	0,	0,	7,	0,	0,	0,	0,	0,	7,	0,	0,	151,	0,	0,	0,	0,	0,	0,	0,	0,	0,	0,	0,	0,	0,	0,	0,	0,	0,	0,	0,	0,	0,	0,	0,	0,	0,	0,	0,	0,	0,	0,	0,	0,	0,	0,	0,	0,	0,	0,	0,	0,	0,	0,	5,	2,	0,	5,	6,	0,	0,	0,	0,	0,	0,	0,	0,	0,	0,	0,	2,	0,	0,	0,	0,	2,	-1,	0,	0,	0,	0,	0,	0,	0,	0,	0,	0,	0,	0,	0,	0,	0,	0,	0,	-1
Lizard,	0,	-1,	2,	2,	2,	0,	0,	0,	0,	0,	0,	0,	0,	0,	0,	0,	0,	0,	0,	170,	0,	0,	0,	0,	0,	0,	0,	0,	-1,	0,	0,	0,	0,	0,	0,	0,	0,	0,	2,	0,	-1,	0,	0,	0,	0,	0,	0,	0,	0,	2,	0,	0,	0,	-1,	-1,	0,	0,	-1,	0,	0,	6,	28,	3,	0,	8,	11,	0,	2,	2,	0,	0,	7,	0,	0,	4,	2,	0,	0,	0,	4,	0,	0,	0,	0,	0,	0,	0,	4,	0,	0,	0,	0,	0,	0,	0,	0,	0,	2,	0,	0,	0,	0
Dog,	0,	2,	4,	0,	0,	0,	0,	0,	0,	0,	2,	0,	0,	0,	0,	0,	0,	0,	0,	0,	142,	0,	0,	0,	0,	0,	0,	0,	0,	0,	0,	0,	0,	0,	0,	0,	0,	0,	0,	0,	0,	0,	0,	0,	0,	0,	0,	0,	0,	0,	-1,	0,	0,	0,	0,	0,	0,	0,	0,	0,	0,	5,	7,	0,	0,	2,	0,	0,	5,	0,	0,	0,	0,	0,	0,	0,	0,	3,	0,	0,	0,	0,	0,	0,	0,	0,	0,	16,	9,	2,	0,	0,	0,	0,	0,	2,	4,	0,	0,	2,	0,	0
Ogre,	0,	3,	5,	0,	0,	0,	0,	0,	0,	0,	0,	0,	0,	0,	0,	0,	0,	0,	0,	0,	0,	136,	0,	0,	0,	0,	0,	0,	-1,	-1,	-1,	0,	0,	0,	0,	0,	0,	-1,	0,	0,	0,	0,	0,	0,	0,	0,	0,	0,	0,	0,	0,	0,	0,	0,	0,	0,	0,	0,	0,	0,	4,	52,	0,	0,	9,	16,	0,	0,	0,	0,	0,	0,	0,	0,	0,	4,	0,	0,	0,	3,	3,	0,	0,	3,	0,	0,	0,	0,	2,	3,	0,	0,	0,	0,	0,	0,	0,	3,	0,	0,	0,	0
Dwarf,	0,	0,	0,	0,	0,	0,	0,	0,	0,	0,	0,	0,	0,	0,	0,	0,	0,	0,	0,	0,	0,	0,	129,	0,	0,	0,	0,	0,	0,	0,	0,	0,	0,	0,	0,	0,	0,	0,	0,	0,	0,	0,	0,	0,	0,	-1,	0,	0,	-1,	-1,	0,	0,	0,	0,	0,	0,	0,	0,	0,	0,	5,	14,	13,	11,	2,	5,	6,	0,	2,	16,	0,	0,	0,	0,	0,	8,	2,	0,	0,	0,	0,	0,	0,	0,	0,	3,	6,	0,	0,	0,	0,	0,	0,	0,	0,	0,	0,	0,	0,	0,	0,	0
Sliver,	0,	0,	0,	0,	0,	0,	0,	0,	0,	0,	0,	0,	0,	0,	0,	0,	0,	0,	0,	0,	0,	0,	0,	119,	0,	0,	0,	0,	0,	0,	0,	0,	0,	0,	0,	0,	0,	0,	0,	0,	0,	0,	0,	0,	0,	0,	0,	0,	0,	0,	0,	0,	0,	0,	0,	0,	0,	0,	0,	0,	0,	0,	0,	0,	0,	0,	0,	0,	0,	0,	0,	0,	0,	0,	0,	0,	0,	0,	0,	0,	0,	0,	0,	0,	0,	0,	0,	0,	0,	0,	0,	0,	0,	0,	0,	0,	0,	0,	0,	0,	0,	0
Wurm,	0,	0,	4,	0,	0,	0,	0,	2,	0,	0,	0,	0,	0,	0,	0,	0,	0,	0,	0,	0,	0,	0,	0,	0,	113,	0,	0,	0,	0,	0,	0,	0,	0,	0,	0,	0,	0,	0,	0,	0,	0,	0,	0,	0,	0,	0,	0,	0,	0,	0,	0,	0,	0,	0,	0,	0,	0,	0,	0,	0,	0,	0,	0,	0,	0,	0,	0,	0,	0,	0,	0,	0,	0,	0,	0,	0,	0,	0,	0,	0,	0,	0,	0,	0,	0,	0,	0,	0,	6,	0,	0,	0,	0,	0,	0,	0,	0,	0,	0,	0,	0,	0
Minotaur,	0,	0,	8,	0,	0,	0,	0,	0,	0,	0,	0,	0,	0,	0,	0,	0,	0,	0,	0,	0,	0,	0,	0,	0,	0,	111,	0,	0,	0,	0,	0,	0,	0,	0,	0,	0,	0,	0,	0,	0,	0,	0,	0,	0,	0,	0,	0,	0,	0,	0,	0,	0,	0,	0,	0,	0,	0,	0,	0,	0,	6,	37,	7,	2,	0,	-1,	0,	0,	0,	0,	2,	0,	0,	0,	0,	9,	0,	2,	0,	0,	0,	0,	0,	0,	0,	0,	2,	0,	0,	0,	-1,	0,	0,	0,	2,	0,	0,	0,	0,	0,	0,	0
Drake,	0,	0,	5,	0,	2,	0,	0,	0,	0,	0,	0,	0,	0,	0,	0,	0,	0,	0,	0,	0,	0,	0,	0,	0,	0,	0,	106,	0,	0,	0,	0,	0,	0,	0,	0,	0,	0,	0,	0,	0,	0,	0,	0,	0,	0,	0,	0,	0,	0,	0,	0,	0,	0,	0,	0,	0,	0,	0,	0,	0,	0,	0,	0,	0,	0,	0,	0,	0,	0,	0,	0,	0,	0,	0,	0,	0,	0,	0,	0,	0,	0,	0,	0,	0,	0,	0,	0,	0,	6,	0,	0,	0,	0,	0,	0,	0,	0,	0,	0,	0,	0,	0
Treefolk,	0,	3,	2,	0,	0,	0,	0,	0,	0,	0,	0,	0,	0,	0,	0,	0,	0,	0,	0,	0,	0,	0,	0,	0,	0,	0,	0,	105,	0,	0,	0,	0,	0,	0,	0,	0,	0,	0,	0,	0,	0,	0,	0,	0,	0,	0,	0,	0,	0,	0,	0,	0,	0,	0,	0,	0,	0,	0,	0,	0,	0,	13,	0,	0,	0,	15,	0,	11,	0,	0,	0,	0,	0,	0,	0,	0,	0,	0,	0,	0,	0,	0,	0,	0,	0,	0,	0,	0,	0,	0,	0,	0,	0,	0,	0,	0,	0,	0,	0,	0,	0,	0
Orc,	0,	0,	0,	0,	0,	0,	0,	0,	0,	0,	0,	0,	0,	0,	0,	0,	0,	0,	0,	-1,	0,	-1,	0,	0,	0,	0,	0,	0,	110,	0,	0,	0,	0,	0,	0,	0,	0,	0,	0,	0,	0,	0,	0,	0,	0,	0,	0,	0,	0,	0,	0,	0,	0,	0,	0,	0,	0,	-1,	0,	0,	6,	29,	6,	3,	5,	9,	3,	0,	0,	2,	19,	0,	0,	4,	0,	4,	0,	2,	0,	0,	0,	0,	3,	0,	0,	0,	0,	0,	0,	0,	0,	0,	0,	0,	0,	0,	0,	0,	0,	0,	0,	0
Rat,	0,	0,	5,	0,	0,	0,	0,	0,	0,	0,	0,	0,	0,	0,	0,	0,	0,	0,	0,	0,	0,	-1,	0,	0,	0,	0,	0,	0,	0,	105,	0,	-1,	0,	0,	0,	0,	0,	0,	0,	0,	0,	0,	0,	0,	0,	0,	9,	0,	0,	0,	0,	0,	0,	0,	0,	0,	0,	0,	0,	0,	4,	2,	0,	0,	12,	6,	0,	0,	0,	0,	0,	5,	0,	0,	0,	2,	0,	0,	0,	0,	4,	0,	0,	0,	0,	0,	0,	0,	6,	0,	0,	0,	0,	0,	0,	0,	0,	0,	0,	0,	0,	0
Spider,	0,	0,	0,	0,	0,	0,	0,	0,	0,	0,	0,	0,	0,	0,	0,	0,	0,	0,	0,	0,	0,	-1,	0,	0,	0,	0,	0,	0,	0,	0,	87,	0,	0,	0,	0,	0,	0,	0,	0,	0,	0,	0,	0,	0,	0,	0,	0,	0,	0,	0,	0,	0,	0,	0,	0,	0,	0,	0,	0,	0,	0,	0,	0,	0,	0,	0,	0,	0,	0,	0,	0,	0,	0,	0,	0,	0,	0,	0,	0,	0,	0,	0,	0,	0,	0,	-1,	0,	0,	2,	2,	0,	0,	0,	0,	0,	0,	0,	0,	0,	0,	0,	0
Kor,	0,	4,	0,	0,	0,	0,	0,	0,	0,	0,	0,	0,	0,	0,	0,	0,	0,	0,	0,	0,	0,	0,	0,	0,	0,	0,	0,	0,	0,	-1,	0,	85,	0,	0,	0,	0,	0,	0,	0,	0,	0,	0,	0,	0,	0,	0,	0,	0,	0,	0,	0,	0,	0,	0,	0,	0,	0,	0,	0,	0,	6,	6,	22,	17,	4,	2,	5,	0,	8,	4,	0,	0,	0,	0,	0,	0,	0,	0,	0,	0,	0,	0,	0,	3,	0,	0,	0,	0,	2,	0,	0,	0,	0,	0,	15,	0,	0,	0,	0,	0,	0,	0
Elephant,	-1,	0,	0,	0,	0,	0,	0,	0,	0,	0,	0,	0,	0,	0,	0,	0,	0,	0,	0,	0,	0,	0,	0,	0,	0,	0,	0,	0,	0,	0,	0,	0,	86,	0,	0,	0,	0,	0,	0,	0,	0,	0,	0,	0,	0,	0,	0,	0,	0,	0,	0,	0,	0,	0,	0,	0,	0,	0,	0,	0,	2,	5,	13,	12,	0,	0,	0,	2,	0,	0,	0,	0,	0,	0,	0,	0,	0,	0,	0,	0,	0,	0,	0,	0,	0,	0,	0,	0,	2,	0,	0,	0,	0,	0,	0,	0,	0,	0,	0,	0,	0,	0
Wolf,	0,	6,	0,	0,	0,	0,	0,	0,	0,	0,	0,	0,	0,	0,	0,	0,	0,	0,	0,	0,	0,	0,	0,	0,	0,	0,	0,	0,	0,	0,	0,	0,	0,	86,	0,	0,	0,	0,	0,	0,	0,	0,	0,	0,	0,	0,	0,	0,	0,	0,	0,	0,	0,	0,	0,	0,	0,	0,	0,	0,	0,	3,	0,	0,	0,	0,	0,	0,	0,	0,	0,	0,	0,	0,	0,	0,	0,	0,	0,	0,	0,	0,	0,	0,	0,	0,	0,	0,	0,	0,	0,	0,	0,	0,	0,	0,	-1,	-1,	0,	0,	0,	0
Faerie,	5,	0,	0,	0,	0,	0,	0,	0,	0,	0,	0,	0,	0,	0,	0,	0,	0,	0,	0,	0,	0,	0,	0,	0,	0,	0,	0,	0,	0,	0,	0,	0,	0,	0,	153,	0,	0,	0,	0,	0,	0,	0,	0,	0,	0,	0,	0,	0,	0,	0,	0,	0,	0,	0,	0,	0,	0,	0,	0,	0,	30,	0,	6,	0,	40,	0,	2,	0,	4,	2,	0,	6,	0,	0,	2,	0,	2,	0,	3,	0,	0,	0,	0,	0,	0,	0,	0,	0,	0,	0,	6,	2,	0,	0,	0,	0,	0,	0,	-1,	0,	-1,	-1
Sphinx,	0,	0,	0,	0,	0,	0,	0,	0,	0,	0,	0,	-1,	0,	0,	0,	0,	0,	0,	0,	0,	0,	0,	0,	0,	0,	0,	0,	0,	0,	0,	0,	0,	0,	0,	0,	81,	0,	0,	-1,	0,	0,	0,	0,	0,	0,	0,	0,	0,	-1,	0,	0,	0,	0,	0,	0,	0,	0,	0,	0,	0,	2,	0,	0,	0,	3,	0,	0,	0,	0,	0,	0,	0,	0,	0,	0,	0,	0,	0,	2,	0,	0,	0,	-1,	0,	0,	0,	0,	0,	3,	0,	0,	0,	0,	0,	0,	0,	0,	0,	0,	0,	0,	0
Centaur,	-1,	2,	2,	0,	0,	0,	0,	0,	0,	0,	0,	0,	0,	0,	0,	0,	0,	0,	0,	0,	0,	0,	0,	0,	0,	0,	0,	0,	0,	0,	0,	0,	0,	0,	0,	0,	77,	0,	0,	0,	0,	0,	0,	0,	0,	-1,	-1,	0,	0,	0,	0,	0,	0,	0,	0,	0,	0,	0,	0,	0,	0,	17,	6,	3,	0,	8,	0,	8,	5,	0,	0,	0,	0,	0,	0,	0,	2,	6,	0,	0,	0,	0,	0,	0,	0,	0,	0,	0,	0,	0,	0,	0,	0,	0,	0,	0,	0,	0,	0,	0,	0,	0
Vedalken,	0,	0,	0,	0,	0,	0,	0,	-1,	0,	0,	0,	0,	0,	0,	0,	0,	0,	0,	0,	0,	0,	-1,	0,	0,	0,	0,	0,	0,	0,	0,	0,	0,	0,	0,	0,	0,	0,	75,	0,	0,	0,	0,	0,	0,	0,	0,	0,	0,	0,	0,	0,	0,	0,	0,	0,	0,	0,	0,	0,	0,	33,	0,	3,	0,	7,	0,	3,	0,	3,	14,	0,	0,	0,	0,	0,	0,	0,	0,	4,	0,	0,	0,	0,	0,	0,	0,	0,	0,	2,	0,	0,	0,	0,	0,	0,	0,	0,	3,	0,	0,	0,	0
Frog,	0,	2,	2,	0,	10,	0,	0,	0,	0,	6,	0,	0,	0,	0,	0,	0,	0,	0,	0,	2,	0,	0,	0,	0,	0,	0,	0,	0,	0,	0,	0,	0,	0,	0,	0,	-1,	0,	0,	72,	0,	0,	0,	0,	0,	0,	0,	0,	0,	0,	0,	0,	0,	0,	0,	0,	0,	0,	0,	0,	0,	7,	4,	0,	0,	0,	0,	0,	6,	3,	0,	0,	0,	0,	0,	0,	0,	2,	0,	0,	0,	0,	0,	0,	0,	0,	0,	0,	0,	0,	0,	0,	0,	0,	0,	0,	0,	0,	0,	0,	0,	0,	0
Hydra,	0,	0,	0,	0,	2,	0,	0,	0,	0,	0,	0,	0,	0,	0,	0,	0,	0,	4,	0,	0,	0,	0,	0,	0,	0,	0,	0,	0,	0,	0,	0,	0,	0,	0,	0,	0,	0,	0,	0,	69,	0,	0,	0,	0,	0,	0,	0,	0,	0,	0,	0,	0,	0,	0,	0,	0,	0,	0,	2,	0,	0,	0,	0,	0,	0,	0,	0,	0,	0,	0,	0,	0,	0,	0,	0,	0,	0,	0,	0,	0,	0,	0,	0,	0,	0,	0,	0,	0,	2,	0,	0,	0,	0,	0,	0,	0,	5,	0,	0,	0,	0,	0
Kithkin,	0,	0,	0,	0,	0,	0,	0,	0,	0,	0,	0,	0,	0,	0,	0,	0,	0,	0,	0,	-1,	0,	0,	0,	0,	0,	0,	0,	0,	0,	0,	0,	0,	0,	0,	0,	0,	0,	0,	0,	0,	63,	0,	0,	0,	0,	0,	0,	0,	0,	0,	0,	0,	0,	0,	0,	0,	0,	0,	0,	0,	10,	0,	25,	8,	3,	0,	7,	0,	3,	0,	0,	0,	0,	0,	0,	0,	0,	2,	0,	0,	0,	0,	0,	2,	0,	0,	0,	0,	0,	0,	0,	0,	0,	0,	0,	0,	0,	0,	0,	0,	0,	0
Djinn,	0,	0,	0,	0,	0,	0,	0,	0,	0,	0,	0,	0,	0,	0,	0,	0,	0,	0,	0,	0,	0,	0,	0,	0,	0,	0,	0,	0,	0,	0,	0,	0,	0,	0,	0,	0,	0,	0,	0,	0,	0,	64,	0,	0,	0,	0,	0,	0,	0,	0,	0,	0,	0,	0,	0,	0,	0,	0,	0,	0,	8,	0,	0,	0,	0,	0,	0,	0,	0,	0,	0,	0,	0,	11,	0,	0,	0,	0,	0,	0,	0,	0,	0,	0,	0,	0,	0,	0,	0,	0,	0,	0,	0,	0,	0,	0,	0,	0,	0,	0,	0,	0
Devil,	0,	0,	0,	0,	0,	0,	0,	0,	0,	0,	0,	0,	0,	0,	0,	0,	0,	0,	0,	0,	0,	0,	0,	0,	0,	0,	0,	0,	0,	0,	0,	0,	0,	0,	0,	0,	0,	0,	0,	0,	0,	0,	59,	0,	0,	0,	0,	0,	0,	0,	0,	0,	0,	0,	0,	0,	0,	0,	0,	0,	0,	4,	0,	0,	2,	0,	0,	0,	0,	0,	0,	0,	0,	0,	0,	0,	0,	0,	2,	0,	0,	3,	0,	0,	0,	0,	0,	0,	0,	0,	0,	0,	0,	0,	0,	0,	0,	0,	0,	0,	0,	0
God,	2,	0,	4,	0,	0,	0,	0,	0,	0,	0,	0,	0,	0,	0,	0,	0,	0,	0,	0,	0,	0,	0,	0,	0,	0,	0,	0,	0,	0,	0,	0,	0,	0,	0,	0,	0,	0,	0,	0,	0,	0,	0,	0,	72,	0,	0,	0,	0,	0,	0,	0,	0,	0,	0,	0,	0,	0,	0,	0,	0,	0,	2,	0,	0,	0,	0,	0,	0,	0,	0,	0,	0,	0,	0,	0,	0,	0,	0,	0,	0,	0,	0,	0,	0,	0,	0,	0,	0,	0,	0,	0,	0,	0,	0,	0,	0,	0,	0,	0,	0,	0,	0
Rhino,	0,	0,	0,	0,	4,	0,	0,	0,	0,	0,	0,	0,	0,	0,	0,	0,	0,	0,	0,	0,	0,	0,	0,	0,	0,	0,	0,	0,	0,	0,	0,	0,	0,	0,	0,	0,	0,	0,	0,	0,	0,	0,	0,	0,	58,	0,	0,	0,	0,	0,	0,	0,	0,	0,	0,	0,	0,	0,	0,	0,	0,	8,	15,	2,	0,	0,	0,	2,	0,	0,	0,	0,	-1,	6,	0,	0,	0,	0,	0,	0,	-1,	0,	0,	0,	0,	-1,	0,	0,	0,	0,	0,	0,	0,	0,	0,	0,	0,	0,	0,	0,	0,	0
Troll,	0,	0,	0,	0,	0,	0,	0,	0,	0,	0,	0,	0,	0,	0,	0,	0,	0,	0,	0,	0,	0,	0,	-1,	0,	0,	0,	0,	0,	0,	0,	0,	0,	0,	0,	0,	0,	-1,	0,	0,	0,	0,	0,	0,	0,	0,	57,	0,	0,	0,	0,	0,	0,	0,	0,	0,	0,	0,	0,	0,	0,	0,	9,	0,	0,	0,	8,	0,	2,	0,	0,	0,	2,	0,	0,	0,	0,	0,	0,	0,	0,	0,	0,	0,	0,	0,	0,	0,	0,	2,	0,	0,	0,	0,	0,	0,	0,	0,	0,	0,	0,	0,	0
Ninja,	23,	0,	0,	0,	0,	0,	0,	0,	0,	0,	0,	0,	0,	0,	0,	0,	0,	5,	0,	0,	0,	0,	0,	0,	0,	0,	0,	0,	0,	9,	0,	0,	0,	0,	0,	0,	-1,	0,	0,	0,	0,	0,	0,	0,	0,	0,	54,	0,	0,	0,	0,	0,	0,	0,	0,	0,	0,	0,	2,	0,	0,	0,	0,	0,	2,	0,	0,	0,	0,	0,	0,	0,	0,	0,	0,	0,	0,	0,	0,	0,	0,	0,	0,	0,	0,	0,	0,	0,	0,	0,	0,	0,	0,	0,	0,	0,	0,	0,	0,	0,	0,	0
Boar,	0,	0,	0,	0,	12,	0,	0,	0,	0,	0,	0,	0,	0,	0,	0,	2,	0,	0,	0,	0,	0,	0,	0,	0,	0,	0,	0,	0,	0,	0,	0,	0,	0,	0,	0,	0,	0,	0,	0,	0,	0,	0,	0,	0,	0,	0,	0,	51,	0,	0,	0,	0,	0,	0,	0,	0,	0,	0,	0,	0,	0,	0,	0,	0,	0,	0,	0,	0,	0,	0,	0,	0,	0,	0,	0,	0,	0,	0,	0,	0,	0,	0,	0,	0,	0,	0,	0,	4,	2,	0,	0,	0,	0,	0,	0,	0,	0,	0,	0,	0,	0,	0
Dryad,	0,	0,	0,	0,	0,	0,	0,	0,	0,	2,	0,	0,	0,	0,	0,	0,	0,	0,	0,	0,	0,	0,	-1,	0,	0,	0,	0,	0,	0,	0,	0,	0,	0,	0,	0,	-1,	0,	0,	0,	0,	0,	0,	0,	0,	0,	0,	0,	0,	51,	0,	0,	0,	0,	0,	0,	0,	0,	0,	0,	0,	0,	0,	0,	0,	0,	3,	0,	2,	0,	0,	0,	0,	0,	0,	0,	0,	0,	0,	0,	0,	0,	0,	0,	0,	3,	0,	0,	0,	0,	0,	0,	0,	0,	0,	0,	0,	0,	0,	0,	0,	0,	0
Fish,	0,	0,	0,	0,	3,	0,	0,	0,	0,	0,	0,	0,	0,	0,	0,	0,	0,	0,	0,	2,	0,	0,	-1,	0,	0,	0,	0,	0,	0,	0,	0,	0,	0,	0,	0,	0,	0,	0,	0,	0,	0,	0,	0,	0,	0,	0,	0,	0,	0,	48,	3,	0,	0,	0,	0,	0,	0,	0,	0,	0,	0,	0,	0,	0,	0,	0,	0,	0,	0,	0,	2,	0,	0,	0,	0,	0,	0,	0,	0,	0,	0,	0,	0,	0,	0,	0,	0,	0,	0,	0,	0,	0,	0,	0,	0,	2,	0,	0,	0,	0,	0,	0
Horse,	0,	2,	2,	0,	0,	0,	0,	0,	0,	0,	0,	0,	0,	0,	0,	0,	0,	0,	0,	0,	-1,	0,	0,	0,	0,	0,	0,	0,	0,	0,	0,	0,	0,	0,	0,	0,	0,	0,	0,	0,	0,	0,	0,	0,	0,	0,	0,	0,	0,	3,	50,	0,	0,	0,	0,	0,	0,	0,	0,	0,	0,	0,	0,	0,	0,	0,	0,	0,	0,	0,	0,	0,	0,	0,	0,	0,	0,	0,	0,	0,	0,	0,	0,	0,	0,	0,	0,	4,	0,	0,	0,	0,	0,	2,	0,	5,	0,	0,	0,	0,	0,	0
Peasant,	31,	0,	0,	0,	0,	0,	0,	0,	0,	0,	0,	0,	0,	0,	0,	0,	0,	0,	0,	0,	0,	0,	0,	0,	0,	0,	0,	0,	0,	0,	0,	0,	0,	0,	0,	0,	0,	0,	0,	0,	0,	0,	0,	0,	0,	0,	0,	0,	0,	0,	0,	48,	0,	0,	0,	0,	0,	0,	0,	0,	0,	0,	0,	0,	0,	0,	0,	0,	0,	0,	0,	0,	0,	0,	0,	0,	0,	0,	0,	0,	0,	0,	0,	0,	0,	0,	0,	0,	0,	0,	0,	0,	0,	0,	0,	0,	0,	0,	0,	0,	0,	0
Bat,	0,	0,	2,	0,	0,	0,	0,	0,	0,	0,	0,	0,	0,	0,	0,	0,	0,	0,	0,	0,	0,	0,	0,	0,	0,	0,	0,	0,	0,	0,	0,	0,	0,	0,	0,	0,	0,	0,	0,	0,	0,	0,	0,	0,	0,	0,	0,	0,	0,	0,	0,	0,	46,	0,	0,	0,	0,	0,	0,	0,	0,	0,	0,	7,	0,	-1,	0,	0,	0,	0,	0,	3,	0,	0,	0,	-1,	0,	0,	0,	0,	0,	0,	0,	0,	0,	0,	0,	0,	2,	0,	0,	0,	0,	0,	0,	0,	0,	0,	0,	0,	0,	0
Fox,	0,	0,	0,	2,	0,	0,	0,	0,	0,	0,	0,	0,	0,	0,	0,	0,	0,	0,	0,	-1,	0,	0,	0,	0,	0,	0,	0,	0,	0,	0,	0,	0,	0,	0,	0,	0,	0,	0,	0,	0,	0,	0,	0,	0,	0,	0,	0,	0,	0,	0,	0,	0,	0,	50,	0,	0,	0,	0,	0,	0,	3,	2,	0,	8,	0,	0,	0,	0,	0,	0,	0,	0,	0,	3,	0,	0,	2,	0,	0,	0,	9,	0,	0,	0,	0,	0,	3,	0,	2,	0,	0,	0,	0,	0,	0,	0,	0,	0,	0,	0,	0,	0
Myr,	0,	0,	0,	0,	0,	0,	0,	0,	0,	0,	0,	0,	0,	0,	0,	0,	0,	0,	0,	-1,	0,	0,	0,	0,	0,	0,	0,	0,	0,	0,	0,	0,	0,	0,	0,	0,	0,	0,	0,	0,	0,	0,	0,	0,	0,	0,	0,	0,	0,	0,	0,	0,	0,	0,	44,	0,	0,	0,	0,	0,	0,	0,	0,	0,	0,	0,	0,	0,	0,	0,	0,	0,	0,	0,	0,	0,	0,	0,	0,	0,	0,	0,	0,	0,	0,	0,	0,	0,	6,	0,	0,	0,	0,	0,	0,	0,	0,	0,	0,	0,	0,	0
Imp,	0,	0,	0,	0,	0,	0,	-1,	0,	0,	0,	0,	0,	0,	0,	0,	0,	0,	0,	0,	0,	0,	0,	0,	0,	0,	0,	0,	0,	0,	0,	0,	0,	0,	0,	0,	0,	0,	0,	0,	0,	0,	0,	0,	0,	0,	0,	0,	0,	0,	0,	0,	0,	0,	0,	0,	43,	0,	0,	0,	0,	0,	0,	0,	0,	0,	0,	0,	0,	0,	0,	0,	0,	0,	0,	0,	0,	0,	0,	0,	0,	0,	0,	0,	0,	0,	0,	0,	0,	9,	0,	0,	0,	0,	0,	0,	0,	0,	0,	0,	0,	0,	0
Bear,	2,	4,	2,	0,	0,	0,	0,	0,	2,	0,	0,	0,	0,	0,	0,	0,	0,	0,	0,	0,	0,	0,	0,	0,	0,	0,	0,	0,	0,	0,	0,	0,	0,	0,	0,	0,	0,	0,	0,	0,	0,	0,	0,	0,	0,	0,	0,	0,	0,	0,	0,	0,	0,	0,	0,	0,	49,	0,	0,	0,	0,	0,	0,	0,	0,	0,	0,	4,	0,	0,	0,	0,	0,	0,	0,	0,	0,	0,	0,	0,	0,	0,	0,	0,	0,	0,	0,	2,	0,	0,	0,	0,	0,	0,	0,	0,	0,	3,	0,	0,	0,	0
Octopus,	0,	0,	0,	0,	0,	0,	0,	0,	0,	0,	0,	0,	0,	0,	0,	0,	0,	0,	0,	-1,	0,	0,	0,	0,	0,	0,	0,	0,	-1,	0,	0,	0,	0,	0,	0,	0,	0,	0,	0,	0,	0,	0,	0,	0,	0,	0,	0,	0,	0,	0,	0,	0,	0,	0,	0,	0,	0,	43,	0,	0,	7,	0,	0,	-1,	8,	0,	-1,	0,	0,	0,	-1,	0,	-1,	0,	0,	0,	3,	0,	0,	0,	0,	0,	-1,	0,	-1,	0,	0,	0,	0,	0,	3,	0,	0,	0,	0,	0,	0,	0,	0,	0,	0,	0
Turtle,	0,	0,	2,	0,	0,	0,	0,	2,	0,	0,	0,	0,	0,	0,	0,	0,	2,	0,	0,	0,	0,	0,	0,	0,	0,	0,	0,	0,	0,	0,	0,	0,	0,	0,	0,	0,	0,	0,	0,	2,	0,	0,	0,	0,	0,	0,	2,	0,	0,	0,	0,	0,	0,	0,	0,	0,	0,	0,	-1,	0,	-1,	-1,	0,	0,	0,	0,	0,	0,	0,	0,	0,	0,	-1,	0,	0,	0,	0,	0,	-1,	0,	0,	0,	-1,	0,	0,	0,	0,	0,	0,	0,	0,	-1,	0,	0,	0,	0,	0,	0,	0,	0,	0,	0
Squirrel,	0,	0,	0,	0,	0,	0,	0,	0,	0,	0,	0,	0,	0,	0,	0,	0,	0,	0,	0,	0,	0,	0,	0,	0,	0,	0,	0,	0,	0,	0,	0,	0,	0,	0,	0,	0,	0,	0,	0,	0,	0,	0,	0,	0,	0,	0,	0,	0,	0,	0,	0,	0,	0,	0,	0,	0,	0,	0,	0,	0,	0,	4,	0,	0,	0,	-1,	-1,	4,	0,	0,	0,	7,	0,	0,	0,	0,	2,	0,	0,	0,	0,	0,	0,	0,	0,	0,	0,	0,	0,	0,	-1,	0,	0,	0,	0,	0,	0,	0,	0,	0,	0,	-1
Wizard,	564,	4,	52,	24,	0,	17,	17,	7,	36,	0,	2,	113,	2,	2,	13,	0,	0,	15,	0,	6,	0,	4,	5,	0,	0,	6,	0,	0,	6,	4,	0,	6,	2,	0,	30,	2,	0,	33,	7,	0,	10,	8,	0,	0,	0,	0,	0,	0,	0,	0,	0,	0,	0,	3,	0,	0,	0,	7,	-1,	0,	1112,	0,	3,	2,	2,	0,	0,	0,	0,	0,	5,	0,	-1,	0,	0,	0,	0,	0,	0,	0,	0,	0,	-1,	0,	0,	-1,	2,	5,	16,	0,	2,	0,	12,	2,	6,	0,	0,	7,	2,	0,	0,	0
Warrior,	313,	8,	35,	108,	2,	116,	26,	5,	17,	0,	36,	18,	10,	5,	42,	0,	0,	16,	5,	28,	5,	52,	14,	0,	0,	37,	0,	13,	29,	2,	0,	6,	5,	3,	0,	0,	17,	0,	4,	0,	0,	0,	4,	2,	8,	9,	0,	0,	0,	0,	0,	0,	0,	2,	0,	0,	0,	0,	-1,	4,	0,	1113,	10,	2,	2,	4,	0,	3,	2,	0,	0,	0,	0,	0,	3,	0,	0,	2,	0,	0,	0,	0,	3,	0,	0,	0,	0,	22,	24,	0,	0,	0,	0,	2,	17,	0,	0,	4,	0,	0,	0,	0
Soldier,	552,	20,	15,	8,	0,	11,	32,	0,	57,	0,	24,	21,	6,	0,	20,	0,	0,	0,	2,	3,	7,	0,	13,	0,	0,	7,	0,	0,	6,	0,	0,	22,	13,	0,	6,	0,	6,	3,	0,	0,	25,	0,	0,	0,	15,	0,	0,	0,	0,	0,	0,	0,	0,	0,	0,	0,	0,	0,	0,	0,	3,	10,	966,	5,	2,	0,	0,	0,	7,	0,	0,	0,	0,	2,	0,	0,	0,	9,	0,	0,	0,	0,	5,	2,	0,	3,	0,	5,	10,	0,	2,	0,	0,	0,	13,	0,	0,	0,	0,	0,	0,	0
Cleric,	347,	18,	20,	18,	0,	0,	34,	-1,	0,	0,	16,	4,	10,	0,	2,	0,	0,	6,	0,	0,	0,	0,	11,	0,	0,	2,	0,	0,	3,	0,	0,	17,	12,	0,	0,	0,	3,	0,	0,	0,	8,	0,	0,	0,	2,	0,	0,	0,	0,	0,	0,	0,	7,	8,	0,	0,	0,	-1,	0,	0,	2,	2,	5,	610,	0,	5,	2,	3,	0,	0,	0,	0,	0,	8,	0,	0,	0,	3,	0,	0,	0,	0,	0,	5,	0,	0,	0,	0,	29,	2,	0,	0,	2,	0,	7,	0,	0,	0,	0,	0,	0,	0
Rogue,	203,	2,	3,	21,	0,	0,	37,	0,	-1,	0,	4,	36,	0,	0,	4,	0,	0,	4,	5,	8,	0,	9,	2,	0,	0,	0,	0,	0,	5,	12,	0,	4,	0,	0,	40,	3,	0,	7,	0,	0,	3,	0,	2,	0,	0,	0,	2,	0,	0,	0,	0,	0,	0,	0,	0,	0,	0,	8,	0,	0,	2,	2,	2,	0,	536,	0,	2,	0,	0,	3,	0,	0,	0,	0,	2,	0,	0,	0,	0,	0,	0,	0,	0,	2,	0,	0,	0,	2,	3,	0,	0,	4,	0,	0,	4,	0,	2,	3,	0,	0,	0,	6
Shaman,	143,	0,	3,	68,	0,	60,	16,	4,	4,	0,	0,	17,	0,	3,	9,	0,	0,	15,	6,	11,	2,	16,	5,	0,	0,	-1,	0,	15,	9,	6,	0,	2,	0,	0,	0,	0,	8,	0,	0,	0,	0,	0,	0,	0,	0,	8,	0,	0,	3,	0,	0,	0,	-1,	0,	0,	0,	0,	0,	0,	-1,	0,	4,	0,	5,	0,	493,	0,	2,	0,	0,	0,	0,	0,	0,	0,	0,	0,	0,	0,	0,	0,	0,	0,	0,	0,	0,	0,	31,	2,	0,	0,	0,	0,	0,	11,	0,	0,	2,	0,	0,	0,	0
Knight,	296,	9,	23,	15,	0,	5,	35,	0,	4,	0,	10,	3,	3,	0,	3,	0,	0,	0,	0,	0,	0,	0,	6,	0,	0,	0,	0,	0,	3,	0,	0,	5,	0,	0,	2,	0,	0,	3,	0,	0,	7,	0,	0,	0,	0,	0,	0,	0,	0,	0,	0,	0,	0,	0,	0,	0,	0,	-1,	0,	-1,	0,	0,	0,	2,	2,	0,	484,	0,	0,	0,	0,	0,	0,	0,	0,	0,	0,	0,	0,	2,	0,	0,	2,	3,	0,	0,	0,	7,	14,	0,	0,	0,	0,	0,	5,	0,	0,	0,	0,	0,	0,	0
Druid,	109,	0,	4,	127,	0,	2,	0,	2,	0,	-1,	3,	4,	0,	13,	3,	0,	0,	11,	0,	2,	0,	0,	0,	0,	0,	0,	0,	11,	0,	0,	0,	0,	2,	0,	0,	0,	8,	0,	6,	0,	0,	0,	0,	0,	2,	2,	0,	0,	2,	0,	0,	0,	0,	0,	0,	0,	4,	0,	0,	4,	0,	3,	0,	3,	0,	2,	0,	344,	3,	2,	0,	0,	0,	0,	0,	0,	0,	2,	0,	0,	0,	0,	0,	0,	0,	0,	0,	2,	4,	0,	0,	0,	0,	0,	3,	0,	4,	0,	0,	0,	0,	0
Scout,	86,	0,	2,	51,	0,	10,	3,	0,	14,	-1,	5,	26,	0,	2,	2,	0,	0,	2,	0,	2,	5,	0,	2,	0,	0,	0,	0,	0,	0,	0,	0,	8,	0,	0,	4,	0,	5,	3,	3,	0,	3,	0,	0,	0,	0,	0,	0,	0,	0,	0,	0,	0,	0,	0,	0,	0,	0,	0,	0,	0,	0,	2,	7,	0,	0,	0,	0,	3,	259,	2,	2,	0,	0,	0,	0,	0,	0,	0,	0,	0,	0,	0,	6,	2,	0,	0,	0,	0,	3,	0,	0,	0,	0,	0,	8,	0,	0,	0,	0,	0,	0,	0
Artificer,	137,	0,	0,	10,	0,	24,	0,	0,	0,	0,	0,	0,	-1,	0,	0,	0,	0,	0,	0,	0,	0,	0,	16,	0,	0,	0,	0,	0,	2,	0,	0,	4,	0,	0,	2,	0,	0,	14,	0,	0,	0,	0,	0,	0,	0,	0,	0,	0,	0,	0,	0,	0,	0,	0,	0,	0,	0,	0,	0,	0,	0,	0,	0,	0,	3,	0,	0,	2,	2,	242,	0,	0,	0,	0,	0,	0,	-1,	0,	0,	0,	0,	0,	0,	0,	0,	0,	0,	0,	0,	0,	0,	0,	0,	0,	3,	0,	0,	0,	0,	3,	0,	0
Pirate,	91,	4,	0,	0,	0,	16,	0,	0,	0,	0,	0,	2,	0,	0,	0,	0,	0,	0,	0,	0,	0,	0,	0,	0,	0,	2,	0,	0,	19,	0,	0,	0,	0,	0,	0,	0,	0,	0,	0,	0,	0,	0,	0,	0,	0,	0,	0,	0,	0,	2,	0,	0,	0,	0,	0,	0,	0,	-1,	0,	0,	5,	0,	0,	0,	0,	0,	0,	0,	2,	0,	172,	0,	0,	0,	3,	0,	0,	0,	0,	0,	0,	0,	0,	0,	0,	0,	0,	2,	0,	0,	0,	2,	0,	0,	0,	0,	0,	0,	0,	0,	0,	0
Warlock,	70,	2,	5,	5,	0,	2,	10,	0,	2,	0,	0,	0,	0,	0,	0,	0,	0,	2,	0,	7,	0,	0,	0,	0,	0,	0,	0,	0,	0,	5,	0,	0,	0,	0,	6,	0,	0,	0,	0,	0,	0,	0,	0,	0,	0,	2,	0,	0,	0,	0,	0,	0,	3,	0,	0,	0,	0,	0,	0,	7,	0,	0,	0,	0,	0,	0,	0,	0,	0,	0,	0,	145,	0,	0,	0,	0,	0,	0,	0,	0,	0,	0,	0,	0,	0,	0,	0,	0,	3,	0,	0,	0,	0,	0,	0,	0,	0,	0,	0,	0,	0,	0
Wall,	0,	0,	2,	0,	0,	0,	0,	0,	0,	0,	0,	0,	0,	0,	0,	0,	0,	0,	0,	0,	0,	0,	0,	0,	0,	0,	0,	0,	0,	0,	0,	0,	0,	0,	0,	0,	0,	0,	0,	0,	0,	0,	0,	0,	-1,	0,	0,	0,	0,	0,	0,	0,	0,	0,	0,	0,	0,	-1,	-1,	0,	-1,	0,	0,	0,	0,	0,	0,	0,	0,	0,	0,	0,	155,	0,	0,	0,	0,	0,	-1,	0,	0,	-1,	0,	0,	0,	0,	0,	0,	0,	0,	0,	0,	0,	4,	0,	0,	14,	0,	0,	0,	0,	0
Monk,	82,	0,	0,	3,	0,	0,	0,	0,	2,	0,	4,	0,	0,	2,	0,	0,	0,	3,	0,	0,	0,	0,	0,	0,	0,	0,	0,	0,	4,	0,	0,	0,	0,	0,	0,	0,	0,	0,	0,	0,	0,	11,	0,	0,	6,	0,	0,	0,	0,	0,	0,	0,	0,	3,	0,	0,	0,	0,	0,	0,	0,	0,	2,	8,	0,	0,	0,	0,	0,	0,	0,	0,	0,	135,	0,	0,	0,	0,	0,	0,	0,	0,	0,	0,	0,	0,	0,	0,	0,	0,	0,	0,	0,	0,	0,	0,	0,	0,	0,	0,	0,	0
Assassin,	82,	0,	7,	7,	0,	3,	0,	0,	0,	0,	0,	0,	0,	3,	0,	0,	0,	0,	0,	4,	0,	0,	0,	0,	0,	0,	0,	0,	0,	0,	0,	0,	0,	0,	2,	0,	0,	0,	0,	0,	0,	0,	0,	0,	0,	0,	0,	0,	0,	0,	0,	0,	0,	0,	0,	0,	0,	0,	0,	0,	0,	3,	0,	0,	2,	0,	0,	0,	0,	0,	3,	0,	0,	0,	135,	0,	0,	0,	0,	2,	0,	0,	0,	0,	0,	0,	0,	0,	4,	0,	0,	0,	0,	0,	2,	0,	0,	0,	0,	0,	0,	0
Berserker,	42,	0,	3,	7,	0,	16,	8,	-1,	0,	0,	0,	0,	3,	0,	6,	0,	0,	0,	0,	2,	0,	4,	8,	0,	0,	9,	0,	0,	4,	2,	0,	0,	0,	0,	0,	0,	0,	0,	0,	0,	0,	0,	0,	0,	0,	0,	0,	0,	0,	0,	0,	0,	-1,	0,	0,	0,	0,	0,	0,	0,	0,	0,	0,	0,	0,	0,	0,	0,	0,	0,	0,	0,	0,	0,	0,	132,	0,	0,	0,	0,	0,	0,	0,	0,	0,	0,	0,	0,	0,	4,	0,	0,	0,	0,	2,	0,	0,	0,	0,	0,	0,	0
Advisor,	74,	4,	3,	4,	0,	2,	0,	0,	5,	0,	4,	0,	3,	0,	0,	0,	0,	0,	0,	0,	0,	0,	2,	0,	0,	0,	0,	0,	0,	0,	0,	0,	0,	0,	2,	0,	2,	0,	2,	0,	0,	0,	0,	0,	0,	0,	0,	0,	0,	0,	0,	0,	0,	2,	0,	0,	0,	3,	0,	2,	0,	0,	0,	0,	0,	0,	0,	0,	0,	-1,	0,	0,	0,	0,	0,	0,	132,	0,	0,	0,	0,	0,	0,	0,	0,	0,	0,	0,	2,	0,	0,	0,	0,	0,	0,	0,	0,	4,	0,	0,	0,	0
Archer,	42,	0,	0,	31,	0,	2,	2,	0,	0,	0,	0,	0,	0,	0,	0,	0,	0,	5,	2,	0,	3,	0,	0,	0,	0,	2,	0,	0,	2,	0,	0,	0,	0,	0,	0,	0,	6,	0,	0,	0,	2,	0,	0,	0,	0,	0,	0,	0,	0,	0,	0,	0,	0,	0,	0,	0,	0,	0,	0,	0,	0,	2,	9,	3,	0,	0,	0,	2,	0,	0,	0,	0,	0,	0,	0,	0,	0,	109,	0,	0,	0,	0,	3,	0,	0,	0,	0,	0,	0,	0,	0,	0,	0,	0,	2,	0,	0,	0,	0,	0,	0,	0
Detective,	30,	4,	2,	7,	0,	0,	3,	0,	0,	0,	0,	3,	2,	0,	0,	0,	0,	0,	0,	0,	0,	0,	0,	0,	0,	0,	0,	0,	0,	0,	0,	0,	0,	0,	3,	2,	0,	4,	0,	0,	0,	0,	2,	0,	0,	0,	0,	0,	0,	0,	0,	0,	0,	0,	0,	0,	0,	0,	-1,	0,	0,	0,	0,	0,	0,	0,	0,	0,	0,	0,	0,	0,	-1,	0,	0,	0,	0,	0,	76,	0,	0,	0,	0,	0,	0,	0,	0,	0,	-1,	0,	0,	0,	0,	0,	0,	0,	0,	0,	0,	0,	0,	0
Mercenary,	32,	0,	6,	0,	0,	3,	0,	0,	0,	9,	0,	0,	-1,	0,	0,	0,	0,	0,	0,	4,	0,	3,	0,	0,	0,	0,	0,	0,	0,	0,	0,	0,	0,	0,	0,	0,	0,	0,	0,	0,	0,	0,	0,	0,	0,	0,	0,	0,	0,	0,	0,	0,	0,	0,	0,	0,	0,	0,	0,	0,	0,	0,	0,	0,	0,	0,	2,	0,	0,	0,	0,	0,	0,	0,	2,	0,	0,	0,	0,	73,	0,	0,	0,	2,	0,	0,	0,	0,	7,	-1,	0,	0,	0,	0,	0,	0,	2,	0,	0,	0,	0,	0
Samurai,	50,	0,	0,	0,	0,	3,	0,	0,	0,	0,	0,	0,	0,	0,	0,	0,	0,	2,	0,	0,	0,	3,	0,	0,	0,	0,	0,	0,	0,	4,	0,	0,	0,	0,	0,	0,	0,	0,	0,	0,	0,	0,	0,	0,	-1,	0,	0,	0,	0,	0,	0,	0,	0,	9,	0,	0,	0,	0,	0,	0,	0,	0,	0,	0,	0,	0,	0,	0,	0,	0,	0,	0,	0,	0,	0,	0,	0,	0,	0,	0,	75,	0,	0,	0,	0,	0,	0,	0,	2,	0,	0,	0,	0,	0,	0,	0,	0,	0,	0,	0,	-1,	0
Citizen,	26,	0,	0,	3,	0,	2,	0,	0,	4,	0,	6,	0,	-1,	0,	0,	0,	0,	0,	0,	0,	0,	0,	0,	0,	0,	0,	0,	0,	0,	0,	0,	0,	0,	0,	0,	0,	0,	0,	0,	0,	0,	0,	3,	0,	0,	0,	0,	0,	0,	0,	0,	0,	0,	0,	0,	0,	0,	0,	0,	0,	0,	0,	0,	0,	0,	0,	0,	0,	0,	0,	0,	0,	-1,	0,	0,	0,	0,	0,	0,	0,	0,	66,	0,	0,	0,	0,	0,	0,	-1,	0,	0,	0,	0,	0,	0,	0,	0,	0,	0,	0,	0,	0
Ranger,	29,	0,	0,	16,	0,	0,	0,	2,	0,	-1,	2,	0,	0,	0,	0,	0,	0,	2,	2,	0,	0,	0,	0,	0,	0,	0,	0,	0,	3,	0,	0,	0,	0,	0,	0,	-1,	0,	0,	0,	0,	0,	0,	0,	0,	0,	0,	0,	0,	0,	0,	0,	0,	0,	0,	0,	0,	0,	-1,	-1,	0,	-1,	3,	5,	0,	0,	0,	2,	0,	6,	0,	0,	0,	0,	0,	0,	0,	0,	3,	0,	0,	0,	0,	61,	0,	0,	0,	0,	0,	0,	0,	0,	0,	0,	0,	0,	0,	0,	0,	0,	0,	0,	0
Rebel,	40,	0,	0,	0,	0,	0,	0,	0,	2,	0,	3,	0,	0,	0,	0,	0,	0,	0,	-1,	0,	0,	3,	0,	0,	0,	0,	0,	0,	0,	0,	0,	3,	0,	0,	0,	0,	0,	0,	0,	0,	2,	0,	0,	0,	0,	0,	0,	0,	0,	0,	0,	0,	0,	0,	0,	0,	0,	0,	0,	0,	0,	0,	2,	5,	2,	0,	3,	0,	2,	0,	0,	0,	0,	0,	0,	0,	0,	0,	0,	2,	0,	0,	0,	58,	0,	0,	0,	0,	0,	0,	0,	-1,	0,	-1,	0,	0,	0,	0,	0,	0,	0,	0
Spellshaper,	37,	0,	0,	3,	0,	2,	0,	0,	0,	2,	0,	2,	0,	0,	0,	0,	0,	0,	0,	0,	0,	0,	0,	0,	0,	0,	0,	0,	0,	0,	0,	0,	0,	0,	0,	0,	0,	0,	0,	0,	0,	0,	0,	0,	0,	0,	0,	0,	3,	0,	0,	0,	0,	0,	0,	0,	0,	-1,	0,	0,	0,	0,	0,	0,	0,	0,	0,	0,	0,	0,	0,	0,	0,	0,	0,	0,	0,	0,	0,	0,	0,	0,	0,	0,	57,	0,	0,	0,	-1,	0,	0,	0,	-1,	0,	0,	0,	0,	0,	0,	0,	-1,	0
Barbarian,	29,	0,	2,	0,	0,	0,	0,	3,	0,	0,	0,	0,	0,	0,	0,	0,	0,	0,	0,	0,	0,	0,	3,	0,	0,	0,	0,	0,	0,	0,	-1,	0,	0,	0,	0,	0,	0,	0,	0,	0,	0,	0,	0,	0,	-1,	0,	0,	0,	0,	0,	0,	0,	0,	0,	0,	0,	0,	0,	0,	0,	-1,	0,	3,	0,	0,	0,	0,	0,	0,	0,	0,	0,	0,	0,	0,	0,	0,	0,	0,	0,	0,	0,	0,	0,	0,	43,	0,	0,	0,	0,	0,	0,	0,	0,	-1,	0,	0,	0,	0,	0,	0,	0
Pilot,	15,	0,	0,	2,	0,	3,	0,	0,	0,	0,	0,	0,	0,	0,	0,	0,	0,	0,	0,	0,	0,	0,	6,	0,	0,	2,	0,	0,	0,	0,	0,	0,	0,	0,	0,	0,	0,	0,	0,	0,	0,	0,	0,	0,	0,	0,	0,	0,	0,	0,	0,	0,	0,	3,	0,	0,	0,	0,	0,	0,	2,	0,	0,	0,	0,	0,	0,	0,	0,	0,	0,	0,	0,	0,	0,	0,	0,	0,	0,	0,	0,	0,	0,	0,	0,	0,	-1,	0,	0,	-1,	0,	0,	0,	0,	-1,	0,	0,	0,	0,	0,	0,	-1
Elemental,	0,	14,	2,	0,	15,	0,	0,	0,	4,	4,	15,	0,	0,	2,	3,	0,	5,	2,	0,	4,	16,	0,	0,	0,	0,	0,	0,	0,	0,	0,	0,	0,	0,	0,	0,	0,	0,	0,	0,	0,	0,	0,	0,	0,	0,	0,	0,	4,	0,	0,	4,	0,	0,	0,	0,	0,	2,	0,	0,	0,	5,	22,	5,	0,	2,	31,	7,	2,	0,	0,	2,	0,	0,	0,	0,	0,	0,	0,	0,	0,	0,	0,	0,	0,	0,	0,	0,	594,	0,	0,	0,	2,	4,	0,	0,	2,	11,	0,	0,	0,	0,	0
Phyrexian,	28,	0,	37,	17,	27,	7,	-1,	5,	8,	52,	5,	2,	10,	16,	3,	0,	3,	3,	0,	0,	9,	2,	0,	0,	6,	0,	6,	0,	0,	6,	2,	2,	2,	0,	0,	3,	0,	2,	0,	2,	0,	0,	0,	0,	0,	2,	0,	2,	0,	0,	0,	0,	2,	2,	6,	9,	0,	0,	0,	0,	16,	24,	10,	29,	3,	2,	14,	4,	3,	0,	0,	3,	0,	0,	4,	0,	2,	0,	-1,	7,	2,	-1,	0,	0,	-1,	0,	0,	0,	465,	0,	2,	5,	0,	-1,	0,	0,	0,	0,	2,	0,	9,	0
Demon,	0,	13,	0,	0,	2,	0,	4,	3,	2,	0,	0,	0,	0,	0,	0,	0,	0,	0,	0,	0,	2,	3,	0,	0,	0,	0,	0,	0,	0,	0,	2,	0,	0,	0,	0,	0,	0,	0,	0,	0,	0,	0,	0,	0,	0,	0,	0,	0,	0,	0,	0,	0,	0,	0,	0,	0,	0,	0,	0,	0,	0,	0,	0,	2,	0,	0,	0,	0,	0,	0,	0,	0,	0,	0,	0,	4,	0,	0,	0,	-1,	0,	0,	0,	0,	0,	0,	-1,	0,	0,	213,	2,	0,	3,	0,	0,	0,	0,	0,	-1,	0,	2,	0
Noble,	43,	2,	2,	22,	4,	2,	26,	3,	4,	0,	0,	5,	0,	0,	2,	0,	0,	0,	0,	0,	0,	0,	0,	0,	0,	-1,	0,	0,	0,	0,	0,	0,	0,	0,	6,	0,	0,	0,	0,	0,	0,	0,	0,	0,	0,	0,	0,	0,	0,	0,	0,	0,	0,	0,	0,	0,	0,	3,	0,	-1,	2,	0,	2,	0,	0,	0,	0,	0,	0,	0,	0,	0,	0,	0,	0,	0,	0,	0,	0,	0,	0,	0,	0,	0,	0,	0,	0,	0,	2,	2,	147,	0,	0,	0,	0,	0,	0,	0,	0,	0,	0,	2
Shapeshifter,	2,	0,	0,	0,	0,	0,	0,	0,	0,	0,	0,	0,	0,	0,	0,	0,	0,	0,	0,	0,	0,	0,	0,	0,	0,	0,	0,	0,	0,	0,	0,	0,	0,	0,	2,	0,	0,	0,	0,	0,	0,	0,	0,	0,	0,	0,	0,	0,	0,	0,	0,	0,	0,	0,	0,	0,	0,	0,	-1,	0,	0,	0,	0,	0,	4,	0,	0,	0,	0,	0,	2,	0,	0,	0,	0,	0,	0,	0,	0,	0,	0,	0,	0,	-1,	0,	0,	0,	2,	5,	0,	0,	140,	0,	0,	0,	0,	0,	0,	0,	0,	0,	0
Avatar,	0,	10,	0,	0,	0,	0,	0,	-1,	0,	9,	3,	0,	0,	0,	0,	0,	4,	0,	0,	0,	0,	0,	0,	0,	0,	0,	0,	0,	0,	0,	0,	0,	0,	0,	0,	0,	0,	0,	0,	0,	0,	0,	0,	0,	0,	0,	0,	0,	0,	0,	0,	0,	0,	0,	0,	0,	0,	0,	0,	0,	12,	0,	0,	2,	0,	0,	0,	0,	0,	0,	0,	0,	0,	0,	0,	0,	0,	0,	0,	0,	0,	0,	0,	0,	-1,	0,	0,	4,	0,	3,	0,	0,	117,	0,	0,	0,	0,	0,	0,	0,	0,	0
Illusion,	0,	0,	0,	0,	0,	0,	0,	3,	2,	0,	0,	0,	0,	0,	0,	0,	0,	0,	0,	0,	0,	0,	0,	0,	0,	0,	0,	0,	0,	0,	0,	0,	0,	0,	0,	0,	0,	0,	0,	0,	0,	0,	0,	0,	0,	0,	0,	0,	0,	0,	2,	0,	0,	0,	0,	0,	0,	0,	0,	0,	2,	2,	0,	0,	0,	0,	0,	0,	0,	0,	0,	0,	4,	0,	0,	0,	0,	0,	0,	0,	0,	0,	0,	-1,	0,	0,	0,	0,	-1,	0,	0,	0,	0,	99,	0,	0,	0,	0,	0,	0,	0,	0
Ally,	35,	0,	0,	14,	0,	7,	10,	0,	0,	0,	0,	5,	3,	0,	0,	0,	0,	0,	0,	0,	0,	0,	0,	0,	0,	2,	0,	0,	0,	0,	0,	15,	0,	0,	0,	0,	0,	0,	0,	0,	0,	0,	0,	0,	0,	0,	0,	0,	0,	0,	0,	0,	0,	0,	0,	0,	0,	0,	0,	0,	6,	17,	13,	7,	4,	11,	5,	3,	8,	3,	0,	0,	0,	0,	2,	2,	0,	2,	0,	0,	0,	0,	0,	0,	0,	-1,	-1,	0,	0,	0,	0,	0,	0,	0,	96,	0,	0,	0,	0,	0,	0,	0
Nightmare,	0,	0,	0,	0,	12,	0,	0,	-1,	2,	11,	6,	0,	0,	0,	0,	0,	2,	0,	0,	0,	2,	0,	0,	0,	0,	0,	0,	0,	0,	0,	0,	0,	0,	0,	0,	0,	0,	0,	0,	0,	0,	0,	0,	0,	0,	0,	0,	0,	0,	2,	5,	0,	0,	0,	0,	0,	0,	0,	0,	0,	0,	0,	0,	0,	0,	0,	0,	0,	0,	0,	0,	0,	0,	0,	0,	0,	0,	0,	0,	0,	0,	0,	0,	0,	0,	0,	0,	2,	0,	0,	0,	0,	0,	0,	0,	90,	0,	0,	0,	0,	0,	0
Plant,	0,	0,	6,	0,	2,	0,	0,	0,	0,	0,	0,	0,	0,	0,	0,	0,	0,	0,	0,	0,	4,	0,	0,	0,	0,	0,	0,	0,	0,	0,	0,	0,	0,	-1,	0,	0,	0,	0,	0,	5,	0,	0,	0,	0,	0,	0,	0,	0,	0,	0,	0,	0,	0,	0,	0,	0,	0,	0,	0,	0,	0,	0,	0,	0,	2,	0,	0,	4,	0,	0,	0,	0,	14,	0,	0,	0,	0,	0,	0,	2,	0,	0,	0,	0,	0,	0,	0,	11,	0,	0,	0,	0,	0,	0,	0,	0,	84,	2,	0,	0,	0,	0
Mutant,	10,	0,	9,	5,	5,	8,	0,	0,	2,	0,	0,	2,	0,	4,	0,	0,	2,	0,	0,	2,	0,	3,	0,	0,	0,	0,	0,	0,	0,	0,	0,	0,	0,	-1,	0,	0,	0,	3,	0,	0,	0,	0,	0,	0,	0,	0,	0,	0,	0,	0,	0,	0,	0,	0,	0,	0,	3,	0,	0,	0,	7,	4,	0,	0,	3,	2,	0,	0,	0,	0,	0,	0,	0,	0,	0,	0,	4,	0,	0,	0,	0,	0,	0,	0,	0,	0,	0,	0,	0,	0,	0,	0,	0,	0,	0,	0,	2,	-1,	0,	0,	0,	0
Fungus,	0,	0,	3,	0,	5,	0,	0,	-1,	0,	3,	0,	0,	0,	0,	0,	0,	2,	0,	0,	0,	0,	0,	0,	0,	0,	0,	0,	0,	0,	0,	0,	0,	0,	0,	-1,	0,	0,	0,	0,	0,	0,	0,	0,	0,	0,	0,	0,	0,	0,	0,	0,	0,	0,	0,	0,	0,	0,	0,	0,	0,	2,	0,	0,	0,	0,	0,	0,	0,	0,	0,	0,	0,	0,	0,	0,	0,	0,	0,	0,	0,	0,	0,	0,	0,	0,	0,	0,	0,	2,	-1,	0,	0,	0,	0,	0,	0,	0,	0,	70,	0,	0,	-1
Robot,	0,	0,	0,	0,	0,	0,	0,	0,	0,	0,	0,	0,	0,	0,	0,	0,	0,	0,	0,	0,	2,	0,	0,	0,	0,	0,	0,	0,	0,	0,	0,	0,	0,	0,	0,	0,	0,	0,	0,	0,	0,	0,	0,	0,	0,	0,	0,	0,	0,	0,	0,	0,	0,	0,	0,	0,	0,	0,	0,	0,	0,	0,	0,	0,	0,	0,	0,	0,	0,	3,	0,	0,	0,	0,	0,	0,	0,	0,	0,	0,	0,	0,	0,	0,	0,	0,	0,	0,	0,	0,	0,	0,	0,	0,	0,	0,	0,	0,	0,	53,	0,	0
Minion,	17,	2,	2,	0,	0,	0,	0,	0,	0,	0,	0,	0,	0,	0,	0,	0,	0,	0,	0,	0,	0,	0,	0,	0,	0,	0,	0,	0,	0,	0,	0,	0,	0,	0,	-1,	0,	0,	0,	0,	0,	0,	0,	0,	0,	0,	0,	0,	0,	0,	0,	0,	0,	0,	0,	0,	0,	0,	0,	0,	0,	0,	0,	0,	0,	0,	0,	0,	0,	0,	0,	0,	0,	0,	0,	0,	0,	0,	0,	0,	0,	-1,	0,	0,	0,	-1,	0,	0,	0,	9,	2,	0,	0,	0,	0,	0,	0,	0,	0,	0,	0,	43,	0
Lord,	0,	0,	0,	0,	0,	0,	0,	0,	0,	0,	0,	0,	-1,	0,	0,	0,	0,	0,	-1,	0,	0,	0,	0,	0,	0,	0,	0,	0,	0,	0,	0,	0,	0,	0,	-1,	0,	0,	0,	0,	0,	0,	0,	0,	0,	0,	0,	0,	0,	0,	0,	0,	0,	0,	0,	0,	0,	0,	0,	0,	-1,	0,	0,	0,	0,	6,	0,	0,	0,	0,	0,	0,	0,	0,	0,	0,	0,	0,	0,	0,	0,	0,	0,	0,	0,	0,	0,	-1,	0,	0,	0,	2,	0,	0,	0,	0,	0,	0,	0,	-1,	0,	0,	27

Sorted:
